Results

3process id 15
stats
5, 8, 7, 1000, 100000
20220628-174847
loosing coalitions taken
[1, 2, 8, 11, 16]
[3, 4, 6, 8, 23]
[1, 3, 7, 9, 12]
[1, 4, 5, 20]
[2, 3, 6, 7, 18]
[1, 2, 3, 22, 26]
[1, 3, 8, 14, 15]
[16, 17, 18, 19, 20, 21, 22, 23, 24, 25, 26, 27, 28]


4process id 11
stats
5, 12, 7, 1000, 100000
20220628-174847
loosing coalitions taken
[1, 4, 6, 20, 23]
[3, 4, 5, 11]
[1, 3, 7, 9, 24]
[2, 3, 6, 14, 22]
[1, 4, 7, 10, 13]
[1, 5, 6, 10, 25]
[1, 4, 8, 12, 14]
[2, 4, 6, 10, 24]
[1, 2, 4, 21, 26]
[1, 2, 5, 17]
[1, 3, 6, 28]
[16, 17, 18, 19, 20, 21, 22, 23, 24, 25, 26, 27, 28]


5process id 14
stats
5, 9, 7, 1000, 100000
20220628-174848
loosing coalitions taken
[1, 2, 7, 10, 16]
[1, 3, 5, 19]
[2, 3, 4, 28]
[1, 2, 8, 11, 20]
[1, 4, 8, 9, 13]
[1, 4, 6, 20]
[2, 5, 6, 8, 9]
[1, 2, 9, 12, 14]
[16, 17, 18, 19, 20, 21, 22, 23, 24, 25, 26, 27, 28]


4process id 13
stats
5, 10, 7, 1000, 100000
20220628-174903
loosing coalitions taken
[1, 2, 8, 11, 18]
[1, 2, 9, 12, 13]
[1, 2, 4, 22]
[1, 3, 7, 8, 27]
[3, 4, 6, 11, 17]
[2, 3, 5, 17, 18]
[1, 3, 5, 25]
[2, 3, 6, 15, 21]
[2, 5, 6, 7, 9]
[16, 17, 18, 19, 20, 21, 22, 23, 24, 25, 26, 27, 28]


5process id 11
stats
5, 12, 7, 1000, 100000
20220628-174906
loosing coalitions taken
[1, 3, 8, 12, 19]
[1, 4, 7, 11, 14]
[3, 4, 6, 14, 17]
[1, 4, 6, 9]
[1, 2, 10, 11, 12]
[2, 3, 7, 8, 9]
[1, 2, 7, 15, 18]
[2, 4, 5, 20]
[2, 3, 6, 11]
[1, 3, 5, 25]
[1, 2, 8, 13, 17]
[16, 17, 18, 19, 20, 21, 22, 23, 24, 25, 26, 27, 28]


4process id 15
stats
5, 8, 7, 1000, 100000
20220628-174908
loosing coalitions taken
[1, 2, 8, 10, 19]
[1, 3, 5, 21]
[2, 3, 6, 13]
[2, 4, 5, 9]
[1, 4, 6, 19, 26]
[1, 4, 7, 11, 16]
[1, 2, 7, 14, 22]
[16, 17, 18, 19, 20, 21, 22, 23, 24, 25, 26, 27, 28]


