Results

5
process id 5
stats
5, 16, 7, 1000, 100000
20220628-210139
loosing coalitions taken
[2, 4, 5, 16, 27]
[1, 4, 5, 15]
[1, 3, 6, 17, 21]
[2, 3, 4, 20, 25]
[1, 2, 3, 14, 27]
[2, 3, 6, 11, 24]
[2, 3, 5, 17, 28]
[1, 2, 8, 13, 18]
[1, 3, 7, 10, 12]
[1, 2, 9, 10, 11]
[1, 2, 6, 28]
[3, 5, 6, 7, 14]
[1, 3, 8, 9, 20]
[16, 17, 18, 19, 20, 21, 22, 23, 24, 25, 26, 27, 28]


5
process id 9
stats
5, 14, 7, 1000, 100000
20220628-210156
loosing coalitions taken
[1, 5, 6, 13, 20]
[2, 3, 5, 14, 28]
[3, 4, 5, 13]
[1, 4, 8, 10, 15]
[2, 4, 6, 10, 17]
[1, 3, 6, 24, 28]
[2, 3, 6, 11, 20]
[1, 4, 7, 12, 16]
[1, 2, 5, 16]
[1, 3, 7, 11, 15]
[1, 3, 8, 12, 17]
[1, 4, 6, 9]
[2, 3, 7, 8, 9]
[16, 17, 18, 19, 20, 21, 22, 23, 24, 25, 26, 27, 28]


5
process id 8
stats
5, 14, 7, 1000, 100000
20220628-210158
loosing coalitions taken
[2, 5, 6, 7, 12]
[2, 3, 5, 18]
[1, 4, 7, 11, 16]
[1, 4, 5, 28]
[2, 4, 6, 8, 9]
[1, 2, 8, 12, 19]
[1, 2, 10, 11, 14]
[1, 2, 7, 13, 17]
[1, 3, 6, 22, 27]
[1, 3, 8, 10, 13]
[1, 2, 6, 26]
[3, 4, 6, 10, 20]
[16, 17, 18, 19, 20, 21, 22, 23, 24, 25, 26, 27, 28]


5
process id 9
stats
5, 14, 7, 1000, 100000
20220628-210208
loosing coalitions taken
[3, 4, 5, 14, 27]
[1, 3, 7, 13, 20]
[1, 2, 5, 23, 26]
[1, 4, 6, 10]
[1, 2, 3, 22, 27]
[2, 4, 5, 19]
[2, 3, 6, 13, 18]
[1, 3, 8, 12, 19]
[1, 3, 5, 24]
[1, 2, 7, 14, 18]
[1, 2, 9, 11, 13]
[2, 3, 7, 8, 10]
[1, 2, 8, 15, 17]
[16, 17, 18, 19, 20, 21, 22, 23, 24, 25, 26, 27, 28]


5
process id 13
stats
5, 12, 7, 1000, 100000
20220628-210209
loosing coalitions taken
[4, 5, 6, 7, 8]
[2, 3, 4, 27]
[1, 4, 8, 13, 14]
[1, 4, 7, 11, 15]
[1, 4, 6, 24]
[1, 2, 9, 11, 14]
[1, 2, 8, 10, 12]
[1, 2, 7, 16, 17]
[1, 2, 5, 25]
[1, 3, 7, 14, 18]
[1, 3, 8, 15, 16]
[16, 17, 18, 19, 20, 21, 22, 23, 24, 25, 26, 27, 28]


5
process id 13
stats
5, 12, 7, 1000, 100000
20220628-210221
loosing coalitions taken
[1, 2, 5, 21, 25]
[2, 3, 6, 9]
[3, 4, 5, 11]
[1, 2, 10, 11, 14]
[1, 3, 7, 13, 15]
[1, 2, 8, 12, 16]
[1, 4, 6, 12, 23]
[1, 5, 6, 10, 17]
[1, 3, 8, 10, 19]
[1, 4, 7, 8, 14]
[1, 2, 4, 15]
[16, 17, 18, 19, 20, 21, 22, 23, 24, 25, 26, 27, 28]


