Results

5
process id 3
stats
5, 14, 6, 1000, 100000
20220706-172404
loosing coalitions taken
[2, 4, 5, 17]
[1, 3, 8, 11, 19]
[1, 4, 7, 12, 16]
[1, 2, 7, 10, 27]
[1, 2, 8, 14, 20]
[1, 3, 7, 15, 20]
[1, 4, 8, 9, 15]
[1, 3, 9, 10, 12]
[3, 4, 6, 14, 20]
[2, 3, 6, 11, 28]
[2, 3, 7, 8, 9]
[1, 2, 9, 11, 13]
[16, 17, 18, 19, 20, 21, 22, 23, 24, 25, 26, 27, 28]


5
process id 4
stats
5, 13, 6, 1000, 100000
20220706-172408
loosing coalitions taken
[1, 3, 7, 16, 19]
[1, 2, 8, 11, 17]
[1, 5, 6, 14, 20]
[1, 2, 7, 15, 21]
[2, 4, 5, 20, 28]
[3, 4, 5, 16]
[1, 2, 9, 12, 14]
[1, 4, 8, 12, 13]
[1, 4, 7, 9, 18]
[1, 3, 8, 9, 20]
[2, 4, 6, 14, 21]
[2, 3, 6, 11, 26]
[16, 17, 18, 19, 20, 21, 22, 23, 24, 25, 26, 27, 28]


5
process id 3
stats
5, 14, 6, 1000, 100000
20220706-172411
loosing coalitions taken
[1, 3, 7, 11, 21]
[1, 4, 8, 9, 13]
[1, 4, 7, 10, 19]
[2, 4, 5, 20, 26]
[1, 3, 8, 12, 18]
[1, 2, 8, 10, 21]
[3, 4, 5, 21, 23]
[1, 5, 6, 10, 25]
[3, 4, 6, 15, 16]
[2, 4, 6, 12, 21]
[2, 3, 6, 11]
[1, 2, 7, 16, 20]
[1, 2, 9, 12, 14]
[16, 17, 18, 19, 20, 21, 22, 23, 24, 25, 26, 27, 28]


5
process id 1
stats
5, 16, 6, 1000, 100000
20220706-172416
loosing coalitions taken
[1, 2, 7, 9, 25]
[1, 3, 8, 13, 16]
[1, 5, 6, 9, 26]
[1, 2, 10, 11, 14]
[1, 2, 8, 12, 20]
[2, 3, 6, 15, 22]
[3, 4, 6, 13, 21]
[3, 5, 6, 7, 11]
[2, 3, 7, 8, 10]
[1, 3, 9, 10, 12]
[1, 4, 8, 9, 14]
[1, 4, 7, 10, 17]
[2, 3, 5, 24, 28]
[3, 4, 5, 15]
[16, 17, 18, 19, 20, 21, 22, 23, 24, 25, 26, 27, 28]


5
process id 2
stats
5, 15, 6, 1000, 100000
20220706-172418
loosing coalitions taken
[1, 2, 7, 16, 20]
[1, 2, 9, 11, 12]
[1, 5, 6, 10, 23]
[1, 4, 8, 9, 15]
[1, 3, 7, 9, 24]
[1, 4, 7, 10, 19]
[3, 4, 6, 14, 19]
[1, 3, 8, 10, 17]
[2, 4, 6, 13, 20]
[1, 2, 8, 13, 19]
[2, 3, 5, 27, 28]
[2, 3, 6, 16, 22]
[3, 4, 5, 16]
[2, 5, 6, 8, 12]
[16, 17, 18, 19, 20, 21, 22, 23, 24, 25, 26, 27, 28]


5
process id 3
stats
5, 14, 6, 1000, 100000
20220706-172426
loosing coalitions taken
[1, 5, 6, 13, 22]
[1, 3, 8, 11, 17]
[1, 3, 7, 15, 20]
[1, 2, 8, 10, 20]
[1, 2, 7, 12, 22]
[1, 2, 9, 11, 14]
[1, 4, 8, 9, 15]
[1, 4, 7, 10, 18]
[2, 4, 5, 17]
[2, 3, 6, 11, 27]
[3, 4, 6, 12, 18]
[3, 5, 6, 7, 14]
[1, 3, 9, 10, 12]
[16, 17, 18, 19, 20, 21, 22, 23, 24, 25, 26, 27, 28]


5
process id 4
stats
5, 13, 6, 1000, 100000
20220706-172434
loosing coalitions taken
[1, 4, 8, 9, 14]
[1, 3, 7, 13, 22]
[1, 5, 6, 9, 23]
[1, 2, 7, 9]
[1, 3, 8, 10, 19]
[2, 4, 5, 19]
[2, 3, 6, 11]
[2, 3, 5, 22]
[3, 4, 5, 15]
[1, 2, 8, 15, 16]
[3, 5, 6, 7, 14]
[2, 4, 6, 13, 20]
[16, 17, 18, 19, 20, 21, 22, 23, 24, 25, 26, 27, 28]


5
process id 4
stats
5, 13, 6, 1000, 100000
20220706-172437
loosing coalitions taken
[2, 4, 5, 21, 23]
[1, 3, 9, 10, 12]
[1, 3, 7, 14, 19]
[2, 3, 5, 27, 28]
[1, 5, 6, 15, 17]
[1, 4, 8, 10, 14]
[3, 4, 5, 15]
[1, 2, 7, 10, 24]
[2, 5, 6, 8, 12]
[2, 3, 6, 14]
[1, 4, 7, 11, 17]
[1, 2, 8, 9, 21]
[16, 17, 18, 19, 20, 21, 22, 23, 24, 25, 26, 27, 28]


5
process id 3
stats
5, 14, 6, 1000, 100000
20220706-172439
loosing coalitions taken
[2, 3, 6, 14]
[1, 3, 7, 13, 20]
[1, 2, 10, 12, 13]
[1, 4, 7, 10, 17]
[1, 4, 8, 11, 12]
[1, 2, 8, 9, 21]
[1, 2, 7, 11, 26]
[1, 3, 9, 10, 11]
[1, 5, 6, 11, 22]
[1, 3, 8, 15, 16]
[3, 4, 5, 18, 26]
[2, 4, 5, 20, 27]
[16, 17, 18, 19, 20, 21, 22, 23, 24, 25, 26, 27, 28]


5
process id 4
stats
5, 13, 6, 1000, 100000
20220706-172439
loosing coalitions taken
[2, 4, 5, 19, 28]
[1, 4, 7, 8, 28]
[1, 5, 6, 16, 17]
[1, 2, 7, 17, 18]
[2, 4, 6, 14, 22]
[3, 4, 5, 18, 22]
[1, 3, 8, 14, 16]
[2, 3, 6, 11, 27]
[2, 3, 5, 24]
[1, 2, 8, 9, 19]
[3, 4, 6, 12, 21]
[1, 3, 7, 13, 20]
[16, 17, 18, 19, 20, 21, 22, 23, 24, 25, 26, 27, 28]


6
process id 2
stats
5, 15, 6, 1000, 100000
20220706-172446
loosing coalitions taken
[1, 2, 7, 16, 21]
[2, 3, 6, 10]
[1, 4, 8, 13, 14]
[2, 4, 5, 19]
[1, 2, 9, 11, 14]
[1, 3, 7, 14, 22]
[1, 5, 6, 14, 20]
[1, 2, 8, 12, 20]
[1, 4, 7, 9, 18]
[2, 3, 5, 22, 28]
[3, 4, 6, 9, 22]
[2, 4, 6, 11, 21]
[1, 3, 8, 9, 19]
[3, 4, 5, 16]
[16, 17, 18, 19, 20, 21, 22, 23, 24, 25, 26, 27, 28]


5
process id 4
stats
5, 13, 6, 1000, 100000
20220706-172447
loosing coalitions taken
[1, 2, 8, 9, 18]
[1, 4, 8, 11, 12]
[1, 2, 7, 11, 27]
[1, 3, 8, 13, 16]
[2, 4, 5, 17]
[1, 3, 7, 15, 18]
[1, 4, 7, 10, 16]
[1, 3, 9, 10, 11]
[1, 2, 10, 12, 14]
[3, 4, 6, 14, 20]
[2, 3, 6, 10]
[16, 17, 18, 19, 20, 21, 22, 23, 24, 25, 26, 27, 28]


6
process id 4
stats
5, 13, 6, 1000, 100000
20220706-172449
loosing coalitions taken
[2, 4, 5, 22, 24]
[1, 2, 10, 12, 14]
[2, 3, 5, 23]
[1, 3, 8, 13, 16]
[1, 2, 7, 11, 26]
[3, 4, 6, 14, 19]
[1, 4, 7, 9, 17]
[2, 4, 6, 11, 21]
[1, 5, 6, 13, 22]
[1, 3, 7, 15, 20]
[1, 2, 8, 9, 21]
[1, 4, 8, 11, 12]
[16, 17, 18, 19, 20, 21, 22, 23, 24, 25, 26, 27, 28]


5
process id 4
stats
5, 13, 6, 1000, 100000
20220706-172452
loosing coalitions taken
[3, 4, 5, 18, 27]
[1, 4, 8, 13, 14]
[2, 3, 6, 12, 28]
[2, 4, 5, 17]
[1, 3, 8, 15, 16]
[1, 5, 6, 15, 20]
[3, 4, 6, 14, 19]
[3, 5, 6, 7, 13]
[1, 2, 7, 9, 25]
[1, 2, 8, 11, 18]
[1, 3, 7, 10, 24]
[1, 4, 7, 12, 16]
[16, 17, 18, 19, 20, 21, 22, 23, 24, 25, 26, 27, 28]


