Results

5
process id 6
stats
5, 15, 7, 1000, 100000
20220628-205359
loosing coalitions taken
[2, 3, 5, 17]
[1, 5, 6, 9, 26]
[2, 4, 6, 14, 20]
[1, 2, 9, 12, 13]
[1, 4, 7, 8, 23]
[1, 4, 5, 14]
[1, 2, 8, 10, 21]
[3, 4, 6, 7, 25]
[1, 3, 6, 27, 28]
[1, 3, 8, 11, 18]
[1, 2, 6, 15, 18]
[1, 3, 7, 10, 24]
[1, 2, 7, 11, 27]
[16, 17, 18, 19, 20, 21, 22, 23, 24, 25, 26, 27, 28]


5
process id 3
stats
5, 16, 7, 1000, 100000
20220628-205401
loosing coalitions taken
[2, 3, 6, 9]
[1, 2, 7, 14, 23]
[1, 2, 10, 12, 13]
[1, 4, 6, 18]
[1, 2, 8, 11, 17]
[1, 4, 7, 9, 19]
[2, 4, 5, 8, 24]
[1, 3, 6, 21, 25]
[3, 4, 5, 19, 25]
[2, 3, 4, 14]
[1, 2, 3, 22]
[1, 2, 5, 28]
[16, 17, 18, 19, 20, 21, 22, 23, 24, 25, 26, 27, 28]


