Results

5
process id 6
stats
5, 19, 7, 1000, 100000
20220628-210451
loosing coalitions taken
[1, 3, 7, 15, 21]
[1, 3, 8, 9, 19]
[1, 4, 7, 9, 11]
[2, 3, 4, 19]
[1, 2, 6, 17]
[2, 3, 6, 11]
[1, 2, 5, 20]
[3, 4, 5, 10, 14]
[1, 4, 5, 28]
[2, 3, 5, 17]
[1, 3, 6, 26]
[1, 2, 7, 13, 23]
[1, 4, 6, 13]
[2, 4, 5, 12]
[16, 17, 18, 19, 20, 21, 22, 23, 24, 25, 26, 27, 28]


5
process id 12
stats
5, 13, 7, 1000, 100000
20220628-210454
loosing coalitions taken
[2, 4, 6, 13, 14]
[1, 3, 8, 9, 10]
[1, 2, 7, 12, 26]
[1, 4, 5, 21]
[2, 5, 6, 8, 9]
[1, 2, 9, 11, 14]
[2, 3, 5, 10, 14]
[2, 3, 4, 27, 28]
[1, 2, 8, 13, 19]
[1, 2, 6, 24]
[3, 4, 6, 7, 25]
[1, 3, 7, 14, 16]
[16, 17, 18, 19, 20, 21, 22, 23, 24, 25, 26, 27, 28]


5
process id 9
stats
5, 16, 7, 1000, 100000
20220628-210517
loosing coalitions taken
[2, 3, 6, 9, 27]
[1, 3, 8, 9, 13]
[1, 2, 10, 11, 13]
[1, 2, 6, 21]
[2, 3, 4, 17]
[1, 3, 7, 10, 12]
[1, 4, 5, 27]
[3, 5, 6, 7, 14]
[1, 4, 6, 16, 26]
[1, 3, 5, 23]
[2, 3, 5, 19]
[1, 3, 4, 19]
[16, 17, 18, 19, 20, 21, 22, 23, 24, 25, 26, 27, 28]


5
process id 12
stats
5, 13, 7, 1000, 100000
20220628-210518
loosing coalitions taken
[1, 2, 7, 12, 13]
[2, 3, 5, 22]
[1, 3, 7, 10, 17]
[1, 4, 8, 10, 14]
[1, 5, 6, 11, 20]
[1, 3, 8, 12, 18]
[1, 4, 5, 9, 12]
[1, 3, 4, 21]
[2, 4, 6, 15, 18]
[1, 2, 6, 24]
[16, 17, 18, 19, 20, 21, 22, 23, 24, 25, 26, 27, 28]


5
process id 8
stats
5, 17, 7, 1000, 100000
20220628-210538
loosing coalitions taken
[2, 3, 4, 26]
[1, 3, 8, 9, 18]
[1, 2, 9, 10, 11]
[1, 3, 7, 11, 17]
[1, 4, 7, 8]
[1, 3, 6, 14]
[2, 4, 5, 10]
[1, 3, 4, 28]
[1, 2, 6, 7]
[3, 4, 5, 8, 25]
[1, 4, 6, 19]
[1, 3, 5, 24]
[16, 17, 18, 19, 20, 21, 22, 23, 24, 25, 26, 27, 28]


6
process id 13
stats
5, 12, 7, 1000, 100000
20220628-210602
loosing coalitions taken
[3, 4, 6, 14, 20]
[1, 5, 6, 15, 17]
[2, 3, 5, 23]
[1, 3, 7, 9, 24]
[1, 2, 8, 11, 19]
[1, 2, 7, 15, 16]
[1, 2, 9, 12, 14]
[1, 4, 5, 25]
[2, 4, 6, 16, 18]
[1, 2, 6, 13, 22]
[1, 3, 6, 27]
[16, 17, 18, 19, 20, 21, 22, 23, 24, 25, 26, 27, 28]


5
process id 6
stats
5, 19, 7, 1000, 100000
20220628-210608
loosing coalitions taken
[2, 4, 5, 17]
[1, 4, 7, 8, 10]
[1, 3, 4, 28]
[1, 2, 8, 15, 16]
[3, 5, 6, 7, 11]
[2, 3, 6, 9]
[1, 2, 7, 14, 19]
[1, 2, 10, 11, 12]
[2, 4, 6, 11, 19]
[1, 2, 3, 26]
[1, 3, 6, 18]
[3, 4, 5, 13]
[2, 3, 4, 24]
[1, 4, 5, 15]
[2, 3, 5, 20]
[16, 17, 18, 19, 20, 21, 22, 23, 24, 25, 26, 27, 28]


5
process id 12
stats
5, 13, 7, 1000, 100000
20220628-210610
loosing coalitions taken
[1, 4, 8, 10, 14]
[1, 3, 8, 9, 12]
[1, 3, 7, 13, 18]
[2, 4, 5, 11, 28]
[3, 4, 6, 9, 11]
[2, 3, 5, 25]
[1, 4, 5, 22, 24]
[1, 3, 4, 15]
[1, 2, 6, 18, 19]
[1, 2, 7, 12, 21]
[1, 5, 6, 13, 20]
[16, 17, 18, 19, 20, 21, 22, 23, 24, 25, 26, 27, 28]


5
process id 8
stats
5, 17, 7, 1000, 100000
20220628-210621
loosing coalitions taken
[1, 3, 7, 16, 19]
[2, 3, 5, 17]
[1, 3, 8, 10, 18]
[3, 4, 6, 7, 23]
[2, 3, 4, 27]
[2, 4, 5, 11]
[1, 4, 6, 25]
[2, 3, 6, 14]
[1, 5, 6, 13, 24]
[1, 2, 7, 13, 21]
[1, 3, 4, 14, 17]
[3, 4, 5, 12, 15]
[1, 2, 5, 23]
[1, 4, 8, 9, 15]
[16, 17, 18, 19, 20, 21, 22, 23, 24, 25, 26, 27, 28]


5
process id 5
stats
5, 20, 7, 1000, 100000
20220628-210623
loosing coalitions taken
[1, 4, 7, 10, 17]
[1, 4, 8, 9, 11]
[2, 3, 4, 19]
[1, 2, 8, 10, 18]
[2, 5, 6, 7, 12]
[1, 2, 5, 21, 25]
[1, 3, 8, 12, 17]
[1, 3, 5, 24]
[2, 3, 6, 14, 26]
[3, 4, 5, 14]
[2, 4, 5, 8]
[2, 3, 5, 20, 27]
[1, 3, 6, 19]
[1, 2, 6, 22]
[2, 4, 6, 13, 17]
[16, 17, 18, 19, 20, 21, 22, 23, 24, 25, 26, 27, 28]


5
process id 11
stats
5, 14, 7, 1000, 100000
20220628-210635
loosing coalitions taken
[2, 4, 5, 19, 26]
[1, 3, 7, 11, 14]
[1, 4, 6, 15, 19]
[1, 4, 7, 10, 18]
[1, 2, 5, 8, 20]
[1, 4, 5, 23]
[1, 2, 7, 15, 17]
[1, 3, 8, 10, 16]
[1, 2, 10, 12, 13]
[2, 4, 6, 13, 17]
[2, 3, 5, 11, 25]
[2, 3, 4, 22]
[16, 17, 18, 19, 20, 21, 22, 23, 24, 25, 26, 27, 28]


5
process id 7
stats
5, 18, 7, 1000, 100000
20220628-210655
loosing coalitions taken
[3, 4, 6, 8, 16]
[1, 4, 8, 9, 10]
[1, 4, 6, 23]
[1, 2, 9, 11, 12]
[2, 3, 6, 14, 27]
[1, 2, 8, 14, 20]
[2, 4, 5, 7, 19]
[1, 2, 7, 15, 21]
[2, 3, 5, 18, 24]
[1, 2, 5, 16]
[1, 3, 7, 9, 14]
[1, 3, 8, 11, 15]
[3, 4, 5, 11, 22]
[16, 17, 18, 19, 20, 21, 22, 23, 24, 25, 26, 27, 28]


5
process id 15
stats
5, 10, 7, 1000, 100000
20220628-210700
loosing coalitions taken
[2, 4, 6, 12, 23]
[1, 2, 7, 9, 22]
[1, 4, 5, 24]
[1, 3, 6, 28]
[2, 3, 5, 8, 9]
[2, 5, 6, 7, 11]
[2, 3, 4, 26]
[1, 2, 8, 13, 17]
[1, 2, 10, 11, 12]
[16, 17, 18, 19, 20, 21, 22, 23, 24, 25, 26, 27, 28]


5
process id 13
stats
5, 12, 7, 1000, 100000
20220628-210704
loosing coalitions taken
[1, 4, 5, 23]
[1, 2, 8, 9, 19]
[2, 4, 6, 11, 15]
[1, 2, 7, 15, 22]
[1, 2, 10, 11, 14]
[2, 3, 5, 12, 16]
[2, 3, 4, 26]
[1, 2, 6, 20]
[1, 3, 7, 14, 17]
[1, 3, 8, 13, 16]
[3, 5, 6, 7, 13]
[16, 17, 18, 19, 20, 21, 22, 23, 24, 25, 26, 27, 28]


5
process id 6
stats
5, 19, 7, 1000, 100000
20220628-210706
loosing coalitions taken
[1, 3, 8, 9, 19]
[1, 4, 6, 11]
[2, 3, 6, 10, 17]
[2, 3, 4, 24, 26]
[3, 4, 5, 15]
[1, 2, 6, 14]
[1, 4, 5, 28]
[1, 2, 7, 12, 22]
[1, 3, 5, 22]
[3, 4, 6, 8, 27]
[2, 3, 5, 11, 16]
[1, 3, 7, 15, 18]
[16, 17, 18, 19, 20, 21, 22, 23, 24, 25, 26, 27, 28]


5
process id 5
stats
5, 20, 7, 1000, 100000
20220628-210755
loosing coalitions taken
[2, 4, 6, 12, 22]
[1, 3, 7, 11, 20]
[1, 2, 8, 11, 19]
[2, 5, 6, 8, 9]
[1, 4, 5, 16]
[1, 2, 10, 12, 14]
[1, 3, 6, 21]
[1, 2, 7, 13, 23]
[2, 3, 5, 13, 22]
[3, 4, 5, 11]
[1, 4, 6, 19, 26]
[1, 4, 7, 8, 12]
[3, 4, 6, 7]
[1, 2, 5, 18]
[16, 17, 18, 19, 20, 21, 22, 23, 24, 25, 26, 27, 28]


5
process id 13
stats
5, 12, 7, 1000, 100000
20220628-210756
loosing coalitions taken
[1, 2, 7, 14, 20]
[1, 4, 8, 10, 14]
[2, 5, 6, 7, 13]
[1, 2, 8, 13, 15]
[1, 2, 9, 11, 12]
[1, 2, 6, 10, 24]
[1, 3, 6, 26]
[1, 2, 5, 25]
[1, 4, 7, 9, 16]
[3, 4, 5, 20, 21]
[2, 3, 4, 19]
[16, 17, 18, 19, 20, 21, 22, 23, 24, 25, 26, 27, 28]


5
process id 10
stats
5, 15, 7, 1000, 100000
20220628-210816
loosing coalitions taken
[2, 4, 6, 10, 17]
[1, 3, 5, 18, 26]
[2, 3, 6, 13]
[1, 3, 7, 10, 23]
[1, 2, 9, 10, 11]
[1, 2, 8, 15, 17]
[1, 3, 8, 9, 19]
[1, 2, 7, 16, 20]
[1, 2, 5, 22, 28]
[3, 4, 5, 19, 22]
[2, 4, 5, 18]
[1, 4, 6, 14, 25]
[1, 5, 6, 9, 12]
[16, 17, 18, 19, 20, 21, 22, 23, 24, 25, 26, 27, 28]


5
process id 12
stats
5, 13, 7, 1000, 100000
20220628-210850
loosing coalitions taken
[3, 4, 5, 18, 19]
[1, 4, 7, 11, 13]
[2, 3, 4, 20]
[1, 4, 8, 9, 14]
[1, 4, 6, 16]
[1, 3, 8, 12, 13]
[3, 5, 6, 7, 14]
[1, 3, 7, 15, 17]
[1, 3, 9, 10, 11]
[1, 2, 5, 27, 28]
[1, 3, 5, 24]
[1, 2, 10, 12, 14]
[16, 17, 18, 19, 20, 21, 22, 23, 24, 25, 26, 27, 28]


5
process id 14
stats
5, 11, 7, 1000, 100000
20220628-210851
loosing coalitions taken
[1, 5, 6, 11, 21]
[2, 3, 5, 23]
[1, 3, 6, 16, 18]
[1, 3, 8, 10, 15]
[3, 4, 6, 9, 22]
[1, 3, 7, 11, 17]
[1, 2, 6, 10, 25]
[1, 4, 5, 8]
[1, 2, 7, 9, 22]
[2, 4, 6, 16, 19]
[16, 17, 18, 19, 20, 21, 22, 23, 24, 25, 26, 27, 28]


5
process id 7
stats
5, 18, 7, 1000, 100000
20220628-210857
loosing coalitions taken
[1, 3, 7, 10, 12]
[1, 4, 6, 18]
[1, 2, 7, 15, 16]
[2, 3, 4, 19, 22]
[2, 3, 6, 12]
[2, 4, 5, 17, 25]
[1, 2, 9, 11, 13]
[1, 3, 5, 11, 25]
[1, 3, 4, 28]
[2, 3, 5, 18, 27]
[1, 2, 5, 26]
[1, 3, 6, 15]
[1, 5, 6, 7]
[1, 2, 8, 10, 14]
[16, 17, 18, 19, 20, 21, 22, 23, 24, 25, 26, 27, 28]


5
process id 11
stats
5, 14, 7, 1000, 100000
20220628-210915
loosing coalitions taken
[3, 4, 5, 19, 23]
[2, 3, 5, 14, 25]
[3, 5, 6, 7, 10]
[2, 3, 6, 9]
[1, 4, 6, 23]
[1, 3, 8, 11, 12]
[1, 3, 7, 14, 15]
[1, 2, 5, 13, 22]
[1, 3, 5, 27]
[2, 4, 5, 16, 21]
[1, 2, 7, 11, 21]
[1, 2, 8, 15, 17]
[16, 17, 18, 19, 20, 21, 22, 23, 24, 25, 26, 27, 28]


5
process id 5
stats
5, 20, 7, 1000, 100000
20220628-210922
loosing coalitions taken
[1, 3, 8, 10, 17]
[1, 2, 9, 12, 13]
[1, 2, 10, 11, 14]
[2, 4, 6, 8]
[1, 4, 7, 11, 12]
[1, 4, 5, 9]
[1, 3, 7, 14, 22]
[3, 5, 6, 7, 10]
[1, 4, 6, 16]
[2, 4, 5, 19, 21]
[1, 2, 5, 18, 24]
[2, 3, 6, 12, 24]
[1, 2, 7, 8]
[3, 4, 5, 8]
[16, 17, 18, 19, 20, 21, 22, 23, 24, 25, 26, 27, 28]


5
process id 12
stats
5, 13, 7, 1000, 100000
20220628-210925
loosing coalitions taken
[2, 3, 5, 13]
[1, 2, 6, 11, 12]
[1, 2, 8, 10, 20]
[1, 5, 6, 14, 18]
[1, 3, 6, 26]
[1, 4, 5, 17, 20]
[1, 2, 7, 15, 18]
[1, 4, 7, 9, 16]
[1, 2, 4, 19, 28]
[2, 4, 6, 15, 21]
[16, 17, 18, 19, 20, 21, 22, 23, 24, 25, 26, 27, 28]


5
process id 13
stats
5, 12, 7, 1000, 100000
20220628-210933
loosing coalitions taken
[1, 4, 5, 24]
[2, 3, 5, 19]
[3, 4, 6, 9, 11]
[1, 3, 8, 10, 16]
[1, 3, 6, 25, 28]
[1, 2, 7, 16, 20]
[1, 2, 9, 11, 14]
[1, 3, 7, 13, 14]
[1, 2, 10, 12, 13]
[2, 4, 6, 13, 16]
[1, 2, 6, 17, 27]
[16, 17, 18, 19, 20, 21, 22, 23, 24, 25, 26, 27, 28]


5
process id 13
stats
5, 12, 7, 1000, 100000
20220628-211052
loosing coalitions taken
[1, 2, 10, 11, 13]
[3, 5, 6, 7, 12]
[1, 4, 6, 20]
[2, 5, 6, 8, 11]
[2, 3, 6, 9]
[1, 2, 8, 12, 18]
[2, 4, 5, 19]
[1, 2, 7, 16, 21]
[1, 3, 7, 11, 15]
[1, 3, 5, 18]
[16, 17, 18, 19, 20, 21, 22, 23, 24, 25, 26, 27, 28]


5
process id 5
stats
5, 20, 7, 1000, 100000
20220628-211054
loosing coalitions taken
[1, 4, 7, 8, 24]
[1, 2, 6, 17, 22]
[1, 2, 8, 11, 18]
[1, 4, 6, 14]
[1, 2, 7, 12, 23]
[2, 4, 5, 20]
[2, 3, 4, 12]
[1, 4, 5, 15]
[1, 3, 8, 10, 16]
[2, 3, 6, 11, 16]
[1, 2, 5, 13]
[1, 3, 6, 27]
[1, 3, 7, 11, 22]
[3, 4, 5, 18, 23]
[16, 17, 18, 19, 20, 21, 22, 23, 24, 25, 26, 27, 28]


5
process id 12
stats
5, 13, 7, 1000, 100000
20220628-211056
loosing coalitions taken
[1, 4, 7, 11, 17]
[1, 2, 8, 9, 19]
[1, 3, 6, 7, 22]
[1, 3, 5, 9]
[1, 2, 7, 14, 16]
[1, 4, 8, 13, 14]
[2, 3, 6, 15, 17]
[3, 4, 6, 12, 16]
[2, 4, 5, 13]
[1, 4, 6, 20]
[1, 2, 10, 11, 12]
[16, 17, 18, 19, 20, 21, 22, 23, 24, 25, 26, 27, 28]


5
process id 13
stats
5, 12, 7, 1000, 100000
20220628-211117
loosing coalitions taken
[1, 4, 5, 21]
[2, 4, 6, 9, 17]
[1, 2, 7, 12, 15]
[1, 2, 8, 10, 17]
[3, 4, 6, 8, 24]
[1, 2, 6, 26, 27]
[1, 3, 8, 11, 18]
[2, 3, 5, 8, 23]
[2, 3, 6, 16, 22]
[2, 3, 4, 26]
[16, 17, 18, 19, 20, 21, 22, 23, 24, 25, 26, 27, 28]


5
process id 10
stats
5, 15, 7, 1000, 100000
20220628-211122
loosing coalitions taken
[1, 4, 5, 22, 28]
[3, 4, 6, 13, 16]
[2, 4, 5, 12]
[1, 4, 8, 9, 15]
[1, 4, 7, 10, 16]
[1, 4, 6, 23]
[1, 3, 5, 9, 27]
[1, 2, 3, 16, 26]
[2, 3, 6, 9]
[1, 3, 7, 13, 22]
[1, 2, 8, 13, 20]
[1, 2, 7, 11, 15]
[16, 17, 18, 19, 20, 21, 22, 23, 24, 25, 26, 27, 28]


5
process id 12
stats
5, 13, 7, 1000, 100000
20220628-211158
loosing coalitions taken
[2, 4, 6, 12, 15]
[2, 3, 6, 14, 28]
[1, 4, 6, 26]
[2, 3, 4, 19]
[1, 3, 7, 9, 17]
[1, 3, 5, 13, 22]
[1, 2, 7, 14, 23]
[1, 2, 8, 10, 17]
[2, 5, 6, 8, 9]
[1, 2, 5, 20]
[1, 3, 8, 14, 16]
[3, 5, 6, 7, 12]
[16, 17, 18, 19, 20, 21, 22, 23, 24, 25, 26, 27, 28]


5
process id 15
stats
5, 10, 7, 1000, 100000
20220628-211214
loosing coalitions taken
[1, 4, 6, 24, 28]
[2, 3, 6, 12]
[3, 4, 5, 8, 10]
[1, 3, 7, 13, 14]
[1, 3, 5, 20, 25]
[1, 2, 7, 9]
[1, 3, 8, 11, 18]
[2, 4, 5, 14]
[1, 3, 4, 21]
[16, 17, 18, 19, 20, 21, 22, 23, 24, 25, 26, 27, 28]


5
process id 13
stats
5, 12, 7, 1000, 100000
20220628-211235
loosing coalitions taken
[1, 4, 6, 24]
[2, 3, 6, 14, 26]
[1, 3, 5, 8, 23]
[1, 3, 7, 11, 20]
[2, 3, 7, 8, 9]
[3, 4, 5, 9, 28]
[2, 3, 4, 17]
[3, 5, 6, 7, 10]
[1, 2, 5, 21, 26]
[1, 2, 8, 12, 18]
[16, 17, 18, 19, 20, 21, 22, 23, 24, 25, 26, 27, 28]


5
process id 12
stats
5, 13, 7, 1000, 100000
20220628-211249
loosing coalitions taken
[3, 4, 6, 13, 18]
[1, 4, 8, 13, 14]
[2, 3, 4, 19, 27]
[1, 4, 7, 10, 12]
[1, 3, 5, 25]
[2, 4, 5, 13]
[1, 4, 6, 17, 26]
[1, 2, 8, 9, 21]
[1, 2, 7, 15, 22]
[2, 3, 6, 7, 20]
[1, 2, 6, 16, 24]
[1, 2, 10, 11, 14]
[16, 17, 18, 19, 20, 21, 22, 23, 24, 25, 26, 27, 28]


5
process id 15
stats
5, 10, 7, 1000, 100000
20220628-211321
loosing coalitions taken
[1, 4, 7, 9, 17]
[1, 3, 5, 15, 20]
[1, 3, 7, 8]
[1, 2, 9, 10, 13]
[2, 3, 6, 12, 24]
[1, 4, 6, 26]
[1, 2, 5, 22]
[3, 4, 5, 18, 21]
[2, 3, 4, 23, 27]
[16, 17, 18, 19, 20, 21, 22, 23, 24, 25, 26, 27, 28]


5
process id 11
stats
5, 14, 7, 1000, 100000
20220628-211323
loosing coalitions taken
[3, 4, 6, 14, 20]
[1, 4, 5, 18]
[2, 3, 4, 28]
[1, 3, 8, 12, 19]
[1, 2, 7, 12, 16]
[1, 2, 8, 9, 14]
[2, 5, 6, 8, 11]
[2, 3, 6, 10, 13]
[1, 4, 6, 24]
[1, 3, 4, 22, 23]
[3, 4, 5, 19, 25]
[1, 5, 6, 13, 21]
[16, 17, 18, 19, 20, 21, 22, 23, 24, 25, 26, 27, 28]


5
process id 10
stats
5, 15, 7, 1000, 100000
20220628-211338
loosing coalitions taken
[1, 2, 9, 10, 11]
[2, 4, 6, 12, 21]
[2, 3, 4, 25]
[1, 2, 7, 15, 22]
[1, 2, 8, 12, 13]
[1, 4, 5, 14, 28]
[1, 2, 5, 21, 23]
[1, 4, 7, 10, 16]
[1, 4, 6, 8, 22]
[1, 3, 7, 9, 12]
[1, 2, 6, 18]
[1, 3, 5, 24, 27]
[1, 3, 8, 11, 14]
[16, 17, 18, 19, 20, 21, 22, 23, 24, 25, 26, 27, 28]


5
process id 8
stats
5, 17, 7, 1000, 100000
20220628-211354
loosing coalitions taken
[1, 3, 5, 13]
[1, 4, 7, 8]
[2, 3, 4, 26]
[1, 2, 10, 11, 12]
[1, 3, 6, 18]
[1, 2, 3, 15]
[2, 3, 5, 16, 22]
[3, 4, 5, 15]
[2, 4, 6, 8]
[1, 4, 6, 26]
[2, 3, 6, 14, 28]
[1, 2, 7, 17, 18]
[16, 17, 18, 19, 20, 21, 22, 23, 24, 25, 26, 27, 28]


5
process id 7
stats
5, 18, 7, 1000, 100000
20220628-211400
loosing coalitions taken
[1, 4, 8, 10, 14]
[2, 3, 6, 10]
[1, 3, 8, 9, 16]
[1, 2, 7, 13, 16]
[1, 3, 7, 11, 22]
[2, 4, 5, 17]
[1, 2, 6, 28]
[3, 4, 5, 10]
[2, 3, 4, 13]
[1, 4, 5, 19]
[2, 3, 5, 18]
[2, 4, 6, 11, 18]
[1, 5, 6, 8, 25]
[1, 3, 6, 20, 23]
[16, 17, 18, 19, 20, 21, 22, 23, 24, 25, 26, 27, 28]


5
process id 14
stats
5, 11, 7, 1000, 100000
20220628-211401
loosing coalitions taken
[1, 4, 5, 24]
[3, 4, 6, 9, 19]
[2, 3, 5, 13, 28]
[2, 3, 4, 26]
[1, 2, 9, 11, 14]
[2, 5, 6, 8, 10]
[1, 2, 6, 18]
[1, 3, 7, 11, 15]
[1, 3, 8, 13, 16]
[1, 3, 9, 10, 12]
[16, 17, 18, 19, 20, 21, 22, 23, 24, 25, 26, 27, 28]


5
process id 10
stats
5, 15, 7, 1000, 100000
20220628-211402
loosing coalitions taken
[1, 2, 8, 13, 17]
[1, 4, 7, 9, 12]
[1, 3, 8, 9, 11]
[2, 3, 4, 28]
[1, 2, 7, 11, 22]
[1, 4, 6, 20, 27]
[1, 4, 8, 10, 15]
[1, 3, 5, 18, 23]
[1, 4, 5, 19]
[1, 3, 7, 14, 21]
[1, 2, 6, 15, 21]
[1, 2, 9, 10, 14]
[16, 17, 18, 19, 20, 21, 22, 23, 24, 25, 26, 27, 28]


5
process id 4
stats
5, 25, 7, 1000, 100000
20220628-211420
loosing coalitions taken
[1, 3, 7, 8]
[2, 3, 5, 12, 27]
[2, 3, 6, 9]
[1, 4, 6, 16]
[3, 4, 5, 10]
[1, 2, 10, 12, 13]
[1, 2, 7, 9, 19]
[1, 3, 5, 25, 26]
[1, 3, 6, 19]
[3, 4, 6, 11, 21]
[2, 3, 4, 25]
[1, 4, 8, 10, 11]
[1, 2, 4, 28]
[3, 5, 6, 7, 15]
[1, 2, 8, 14, 18]
[1, 4, 7, 12, 15]
[16, 17, 18, 19, 20, 21, 22, 23, 24, 25, 26, 27, 28]


5
process id 12
stats
5, 13, 7, 1000, 100000
20220628-211421
loosing coalitions taken
[1, 3, 7, 15, 18]
[2, 4, 6, 15, 16]
[1, 2, 5, 8, 22]
[1, 5, 6, 10, 14]
[1, 4, 6, 26]
[1, 3, 5, 13, 17]
[1, 2, 9, 11, 12]
[1, 3, 8, 9, 20]
[2, 4, 5, 13, 28]
[3, 4, 5, 19, 21]
[2, 3, 6, 10]
[1, 2, 7, 14, 24]
[16, 17, 18, 19, 20, 21, 22, 23, 24, 25, 26, 27, 28]


5
process id 13
stats
5, 12, 7, 1000, 100000
20220628-211528
loosing coalitions taken
[2, 4, 5, 17]
[1, 2, 7, 10, 25]
[1, 3, 4, 11, 24]
[1, 4, 6, 27]
[1, 2, 9, 11, 14]
[1, 3, 7, 16, 19]
[1, 2, 3, 12, 21]
[2, 3, 6, 9]
[1, 2, 8, 15, 16]
[1, 3, 8, 10, 18]
[16, 17, 18, 19, 20, 21, 22, 23, 24, 25, 26, 27, 28]


5
process id 7
stats
5, 18, 7, 1000, 100000
20220628-211617
loosing coalitions taken
[3, 4, 6, 8]
[1, 3, 7, 15, 21]
[1, 3, 9, 10, 11]
[1, 4, 7, 13, 16]
[1, 2, 7, 8]
[2, 4, 5, 14, 16]
[1, 3, 6, 26]
[1, 2, 6, 25]
[1, 4, 6, 11]
[1, 3, 5, 13, 24]
[2, 3, 4, 21]
[2, 3, 5, 26, 28]
[3, 4, 5, 15, 27]
[16, 17, 18, 19, 20, 21, 22, 23, 24, 25, 26, 27, 28]


5
process id 15
stats
5, 10, 7, 1000, 100000
20220628-211623
loosing coalitions taken
[1, 2, 10, 11, 13]
[2, 4, 5, 8, 28]
[1, 4, 6, 22]
[1, 2, 7, 9, 24]
[1, 2, 8, 14, 15]
[1, 3, 7, 8]
[3, 4, 5, 12]
[2, 3, 6, 14]
[1, 2, 5, 18, 23]
[16, 17, 18, 19, 20, 21, 22, 23, 24, 25, 26, 27, 28]


5
process id 9
stats
5, 16, 7, 1000, 100000
20220628-211655
loosing coalitions taken
[1, 2, 8, 10, 16]
[1, 2, 9, 11, 12]
[2, 3, 5, 12]
[1, 3, 8, 9, 17]
[2, 4, 6, 15, 17]
[1, 5, 6, 8, 28]
[1, 2, 6, 13, 14]
[1, 3, 7, 16, 18]
[1, 4, 5, 13, 27]
[1, 2, 7, 15, 19]
[1, 3, 6, 21]
[16, 17, 18, 19, 20, 21, 22, 23, 24, 25, 26, 27, 28]


5
process id 7
stats
5, 18, 7, 1000, 100000
20220628-211703
loosing coalitions taken
[2, 3, 6, 8]
[1, 2, 7, 9, 11]
[1, 3, 7, 13, 22]
[1, 4, 7, 10, 16]
[1, 4, 8, 12, 13]
[2, 4, 5, 15]
[1, 3, 5, 17]
[2, 3, 4, 27]
[1, 3, 6, 11]
[1, 2, 6, 13, 16]
[2, 3, 5, 14, 23]
[1, 2, 5, 10]
[16, 17, 18, 19, 20, 21, 22, 23, 24, 25, 26, 27, 28]


5
process id 10
stats
5, 15, 7, 1000, 100000
20220628-211728
loosing coalitions taken
[1, 2, 9, 11, 12]
[2, 4, 5, 14, 18]
[1, 2, 7, 10, 18]
[1, 3, 8, 10, 16]
[1, 4, 5, 23]
[1, 2, 8, 13, 19]
[1, 3, 6, 21, 24]
[1, 2, 6, 16, 25]
[3, 4, 6, 12, 18]
[1, 3, 7, 14, 22]
[2, 3, 5, 17, 26]
[2, 3, 6, 9, 14]
[2, 3, 4, 16]
[16, 17, 18, 19, 20, 21, 22, 23, 24, 25, 26, 27, 28]


5
process id 14
stats
5, 11, 7, 1000, 100000
20220628-211731
loosing coalitions taken
[2, 3, 5, 25]
[1, 4, 5, 20]
[1, 2, 8, 10, 14]
[3, 4, 6, 14, 16]
[1, 3, 8, 12, 19]
[1, 3, 7, 9, 13]
[1, 3, 6, 10]
[2, 4, 6, 13, 19]
[1, 2, 7, 15, 18]
[1, 2, 9, 11, 12]
[16, 17, 18, 19, 20, 21, 22, 23, 24, 25, 26, 27, 28]


5
process id 6
stats
5, 19, 7, 1000, 100000
20220628-211735
loosing coalitions taken
[1, 4, 7, 10, 17]
[2, 3, 4, 20, 27]
[1, 2, 5, 21]
[1, 3, 8, 10, 12]
[1, 3, 6, 25]
[1, 4, 8, 9, 15]
[2, 4, 5, 12, 17]
[2, 3, 5, 25]
[1, 2, 6, 17, 24]
[3, 4, 6, 14, 18]
[1, 3, 5, 17]
[2, 3, 6, 13, 26]
[1, 4, 6, 28]
[1, 2, 7, 16, 19]
[16, 17, 18, 19, 20, 21, 22, 23, 24, 25, 26, 27, 28]


5
process id 9
stats
5, 16, 7, 1000, 100000
20220628-211822
loosing coalitions taken
[1, 2, 7, 10, 28]
[1, 4, 8, 10, 15]
[1, 3, 8, 11, 13]
[1, 5, 6, 8]
[3, 4, 5, 9]
[1, 4, 7, 11, 12]
[1, 2, 3, 19, 23]
[1, 3, 7, 15, 16]
[1, 2, 9, 11, 14]
[2, 4, 6, 15, 17]
[2, 3, 6, 14]
[1, 3, 5, 27]
[2, 4, 5, 10, 20]
[1, 3, 6, 22]
[16, 17, 18, 19, 20, 21, 22, 23, 24, 25, 26, 27, 28]


5
process id 12
stats
5, 13, 7, 1000, 100000
20220628-211901
loosing coalitions taken
[2, 5, 6, 8, 10]
[2, 4, 5, 14]
[2, 3, 6, 11]
[1, 3, 5, 13, 24]
[1, 5, 6, 15, 17]
[1, 2, 7, 15, 21]
[1, 2, 8, 13, 19]
[1, 3, 7, 10, 12]
[1, 4, 6, 13, 22]
[1, 4, 7, 9, 18]
[1, 3, 8, 9, 20]
[1, 3, 4, 27]
[16, 17, 18, 19, 20, 21, 22, 23, 24, 25, 26, 27, 28]


5
process id 7
stats
5, 18, 7, 1000, 100000
20220628-211901
loosing coalitions taken
[1, 3, 8, 9, 18]
[1, 3, 7, 10, 15]
[1, 2, 8, 10, 16]
[1, 2, 7, 14, 19]
[2, 3, 4, 23]
[1, 3, 5, 19]
[1, 3, 4, 28]
[1, 2, 6, 21]
[1, 5, 6, 12, 16]
[3, 4, 5, 16]
[2, 3, 5, 15]
[1, 3, 6, 20]
[16, 17, 18, 19, 20, 21, 22, 23, 24, 25, 26, 27, 28]


5
process id 13
stats
5, 12, 7, 1000, 100000
20220628-211919
loosing coalitions taken
[1, 4, 8, 10, 13]
[2, 4, 6, 7, 10]
[2, 3, 4, 8, 17]
[1, 4, 6, 25]
[2, 3, 6, 13]
[1, 3, 7, 14, 20]
[1, 2, 7, 9]
[1, 3, 5, 23, 24]
[2, 4, 5, 18, 21]
[3, 4, 5, 10]
[1, 3, 8, 11, 19]
[16, 17, 18, 19, 20, 21, 22, 23, 24, 25, 26, 27, 28]


5
process id 6
stats
5, 19, 7, 1000, 100000
20220628-211929
loosing coalitions taken
[2, 3, 4, 22, 27]
[1, 3, 5, 26]
[3, 4, 6, 15, 16]
[1, 4, 7, 8, 28]
[1, 4, 6, 18]
[1, 2, 10, 11, 13]
[2, 3, 6, 10]
[1, 2, 7, 16, 20]
[1, 2, 9, 12, 14]
[1, 4, 5, 9]
[3, 4, 5, 10, 20]
[1, 2, 6, 21]
[1, 3, 6, 25]
[2, 3, 5, 9]
[1, 3, 7, 12, 15]
[16, 17, 18, 19, 20, 21, 22, 23, 24, 25, 26, 27, 28]


5
process id 5
stats
5, 20, 7, 1000, 100000
20220628-211955
loosing coalitions taken
[1, 3, 8, 11, 19]
[2, 3, 5, 13]
[1, 2, 7, 17, 18]
[1, 2, 9, 10, 12]
[1, 3, 6, 24]
[1, 2, 5, 28]
[2, 4, 5, 18]
[1, 3, 5, 14]
[1, 4, 6, 14]
[3, 4, 5, 10]
[2, 3, 6, 9]
[1, 5, 6, 11, 18]
[3, 4, 6, 7, 27]
[16, 17, 18, 19, 20, 21, 22, 23, 24, 25, 26, 27, 28]


5
process id 9
stats
5, 16, 7, 1000, 100000
20220628-212015
loosing coalitions taken
[2, 3, 5, 17]
[1, 3, 9, 10, 12]
[1, 3, 7, 8]
[1, 4, 5, 14]
[3, 4, 6, 13, 20]
[1, 2, 6, 25, 26]
[2, 4, 6, 16, 19]
[1, 5, 6, 15, 19]
[1, 4, 6, 7]
[1, 2, 7, 9, 22]
[1, 2, 8, 10, 18]
[2, 3, 4, 11, 27]
[3, 4, 5, 16]
[2, 4, 5, 20, 24]
[16, 17, 18, 19, 20, 21, 22, 23, 24, 25, 26, 27, 28]


5
process id 12
stats
5, 13, 7, 1000, 100000
20220628-212025
loosing coalitions taken
[1, 2, 8, 14, 19]
[2, 3, 5, 16, 18]
[1, 2, 10, 11, 13]
[1, 3, 8, 10, 15]
[1, 3, 7, 14, 18]
[1, 4, 5, 25]
[1, 2, 7, 9]
[1, 3, 6, 22, 26]
[3, 5, 6, 7, 10]
[2, 3, 6, 14, 15]
[3, 4, 6, 11, 13]
[2, 3, 4, 12, 26]
[16, 17, 18, 19, 20, 21, 22, 23, 24, 25, 26, 27, 28]


5
process id 5
stats
5, 20, 7, 1000, 100000
20220628-212131
loosing coalitions taken
[1, 5, 6, 15, 18]
[2, 3, 6, 9]
[3, 4, 5, 14, 25]
[1, 3, 8, 11, 18]
[1, 3, 7, 15, 17]
[1, 3, 5, 19]
[2, 4, 5, 17]
[1, 2, 8, 12, 21]
[1, 4, 6, 12]
[1, 4, 5, 23]
[1, 2, 6, 19]
[1, 3, 9, 10, 12]
[1, 2, 3, 27]
[1, 2, 7, 9, 23]
[16, 17, 18, 19, 20, 21, 22, 23, 24, 25, 26, 27, 28]


5
process id 11
stats
5, 14, 7, 1000, 100000
20220628-212147
loosing coalitions taken
[3, 5, 6, 7, 14]
[2, 4, 5, 16]
[2, 3, 6, 13, 23]
[1, 2, 7, 13, 21]
[1, 5, 6, 11, 25]
[3, 4, 6, 10, 18]
[1, 3, 7, 8, 12]
[1, 2, 3, 18, 28]
[1, 3, 6, 27]
[1, 4, 8, 9, 14]
[16, 17, 18, 19, 20, 21, 22, 23, 24, 25, 26, 27, 28]


5
process id 9
stats
5, 16, 7, 1000, 100000
20220628-212154
loosing coalitions taken
[1, 4, 8, 13, 14]
[2, 3, 6, 11]
[1, 4, 5, 27]
[1, 3, 7, 15, 20]
[1, 3, 8, 9, 10]
[1, 2, 7, 9, 24]
[2, 3, 5, 22]
[1, 2, 5, 19]
[2, 3, 4, 12]
[1, 3, 4, 11]
[2, 4, 5, 18]
[1, 3, 6, 28]
[1, 5, 6, 8]
[16, 17, 18, 19, 20, 21, 22, 23, 24, 25, 26, 27, 28]


5
process id 8
stats
5, 17, 7, 1000, 100000
20220628-212158
loosing coalitions taken
[1, 2, 10, 11, 13]
[2, 3, 4, 27]
[1, 4, 5, 17]
[1, 3, 7, 10, 22]
[2, 5, 6, 8, 11]
[1, 2, 8, 14, 18]
[2, 3, 5, 16]
[2, 3, 6, 7]
[1, 4, 6, 19]
[1, 3, 5, 13, 25]
[3, 4, 6, 8]
[2, 4, 6, 14, 17]
[16, 17, 18, 19, 20, 21, 22, 23, 24, 25, 26, 27, 28]


5
process id 13
stats
5, 12, 7, 1000, 100000
20220628-212257
loosing coalitions taken
[1, 3, 8, 12, 19]
[1, 5, 6, 7, 8]
[1, 4, 5, 21]
[1, 2, 8, 9, 17]
[1, 2, 10, 11, 13]
[1, 2, 7, 16, 19]
[1, 3, 7, 13, 14]
[1, 3, 6, 20, 27]
[2, 3, 6, 15, 26]
[2, 3, 4, 10, 25]
[2, 3, 5, 11]
[16, 17, 18, 19, 20, 21, 22, 23, 24, 25, 26, 27, 28]


5
process id 13
stats
5, 12, 7, 1000, 100000
20220628-212327
loosing coalitions taken
[1, 3, 8, 10, 17]
[3, 4, 6, 7, 24]
[1, 3, 7, 11, 23]
[2, 3, 6, 11]
[3, 4, 5, 13]
[1, 5, 6, 16, 20]
[1, 2, 4, 18, 28]
[1, 2, 7, 9, 22]
[1, 2, 5, 21, 25]
[1, 4, 6, 14]
[1, 2, 8, 12, 13]
[16, 17, 18, 19, 20, 21, 22, 23, 24, 25, 26, 27, 28]


5
process id 8
stats
5, 17, 7, 1000, 100000
20220628-212327
loosing coalitions taken
[1, 3, 8, 15, 16]
[1, 3, 5, 23, 24]
[1, 2, 10, 12, 13]
[3, 4, 6, 13, 17]
[3, 5, 6, 7, 15]
[1, 4, 5, 21]
[1, 3, 6, 25]
[1, 2, 7, 14, 15]
[1, 2, 8, 11, 17]
[2, 5, 6, 8, 9]
[2, 3, 4, 11, 28]
[2, 3, 5, 20]
[2, 4, 6, 7]
[16, 17, 18, 19, 20, 21, 22, 23, 24, 25, 26, 27, 28]


5
process id 14
stats
5, 11, 7, 1000, 100000
20220628-212332
loosing coalitions taken
[1, 3, 8, 10, 18]
[2, 4, 5, 17]
[1, 4, 6, 26]
[3, 5, 6, 7, 11]
[1, 3, 5, 19, 21]
[1, 2, 3, 27, 28]
[2, 3, 6, 12]
[1, 2, 7, 9, 25]
[1, 3, 7, 13, 16]
[1, 2, 8, 13, 20]
[16, 17, 18, 19, 20, 21, 22, 23, 24, 25, 26, 27, 28]


5
process id 14
stats
5, 11, 7, 1000, 100000
20220628-212343
loosing coalitions taken
[3, 4, 5, 16]
[2, 3, 6, 14]
[1, 3, 8, 9, 19]
[1, 4, 8, 10, 13]
[1, 4, 6, 11, 17]
[1, 5, 6, 13, 18]
[1, 2, 4, 9, 18]
[1, 2, 5, 19, 24]
[1, 3, 7, 11, 21]
[1, 2, 7, 12, 26]
[16, 17, 18, 19, 20, 21, 22, 23, 24, 25, 26, 27, 28]


5
process id 14
stats
5, 11, 7, 1000, 100000
20220628-212400
loosing coalitions taken
[1, 5, 6, 14, 21]
[1, 3, 8, 11, 17]
[2, 3, 6, 18, 20]
[1, 2, 7, 13, 16]
[2, 4, 6, 7, 15]
[2, 4, 5, 10, 27]
[1, 2, 5, 8, 20]
[1, 2, 3, 24, 28]
[1, 4, 5, 24]
[16, 17, 18, 19, 20, 21, 22, 23, 24, 25, 26, 27, 28]


5
process id 11
stats
5, 14, 7, 1000, 100000
20220628-212403
loosing coalitions taken
[1, 4, 6, 13, 28]
[3, 4, 6, 9, 22]
[1, 3, 5, 13, 27]
[1, 3, 6, 18]
[1, 2, 8, 13, 20]
[1, 4, 7, 12, 16]
[1, 2, 7, 14, 24]
[2, 5, 6, 8, 10]
[1, 4, 5, 26]
[2, 3, 5, 17, 25]
[2, 3, 4, 19]
[1, 2, 10, 11, 12]
[16, 17, 18, 19, 20, 21, 22, 23, 24, 25, 26, 27, 28]


5
process id 13
stats
5, 12, 7, 1000, 100000
20220628-212431
loosing coalitions taken
[3, 4, 6, 11, 20]
[1, 3, 5, 28]
[1, 4, 8, 10, 13]
[1, 4, 7, 9, 12]
[1, 2, 6, 16, 26]
[1, 4, 6, 21]
[2, 5, 6, 7, 13]
[1, 2, 8, 9, 22]
[1, 2, 7, 15, 18]
[2, 3, 4, 23]
[1, 2, 10, 12, 14]
[16, 17, 18, 19, 20, 21, 22, 23, 24, 25, 26, 27, 28]


5
process id 11
stats
5, 14, 7, 1000, 100000
20220628-212450
loosing coalitions taken
[2, 3, 6, 12]
[1, 5, 6, 9, 23]
[1, 2, 8, 14, 19]
[2, 4, 5, 17, 25]
[1, 4, 6, 18, 21]
[1, 3, 4, 15, 28]
[1, 4, 7, 11, 12]
[1, 3, 8, 11, 17]
[1, 3, 7, 10, 21]
[1, 4, 8, 9, 13]
[1, 4, 5, 26]
[1, 2, 7, 9]
[16, 17, 18, 19, 20, 21, 22, 23, 24, 25, 26, 27, 28]


5
process id 6
stats
5, 19, 7, 1000, 100000
20220628-212452
loosing coalitions taken
[2, 5, 6, 8, 12]
[1, 3, 8, 12, 13]
[1, 3, 5, 21, 24]
[1, 3, 7, 15, 16]
[3, 4, 5, 16]
[2, 3, 6, 10, 26]
[1, 4, 7, 10, 19]
[1, 2, 6, 27, 28]
[1, 3, 4, 18]
[1, 4, 6, 24]
[2, 3, 4, 12]
[2, 3, 5, 20]
[1, 3, 6, 22]
[16, 17, 18, 19, 20, 21, 22, 23, 24, 25, 26, 27, 28]


5
process id 14
stats
5, 11, 7, 1000, 100000
20220628-212504
loosing coalitions taken
[1, 4, 6, 28]
[2, 4, 5, 15, 21]
[1, 2, 8, 13, 18]
[2, 3, 4, 16, 20]
[2, 3, 6, 13]
[1, 2, 7, 9, 25]
[1, 2, 5, 19]
[3, 4, 5, 7, 8]
[1, 3, 8, 15, 16]
[1, 3, 7, 10, 11]
[16, 17, 18, 19, 20, 21, 22, 23, 24, 25, 26, 27, 28]


5
process id 12
stats
5, 13, 7, 1000, 100000
20220628-212520
loosing coalitions taken
[2, 5, 6, 8, 10]
[1, 2, 8, 11, 21]
[2, 3, 6, 13]
[1, 2, 9, 10, 14]
[2, 4, 5, 20, 27]
[1, 2, 7, 16, 19]
[1, 4, 6, 20]
[1, 3, 5, 10, 28]
[1, 2, 5, 22]
[3, 4, 5, 17, 25]
[1, 3, 7, 9, 15]
[1, 3, 8, 12, 16]
[16, 17, 18, 19, 20, 21, 22, 23, 24, 25, 26, 27, 28]


5
process id 11
stats
5, 14, 7, 1000, 100000
20220628-212542
loosing coalitions taken
[2, 3, 4, 28]
[1, 4, 7, 9, 17]
[1, 4, 8, 12, 14]
[1, 2, 7, 10, 16]
[1, 2, 5, 14, 22]
[1, 2, 8, 11, 18]
[1, 2, 9, 12, 13]
[1, 3, 6, 26, 27]
[1, 2, 6, 20]
[1, 3, 8, 10, 13]
[1, 3, 7, 14, 21]
[3, 5, 6, 7, 15]
[1, 3, 5, 25]
[16, 17, 18, 19, 20, 21, 22, 23, 24, 25, 26, 27, 28]


5
process id 6
stats
5, 19, 7, 1000, 100000
20220628-212550
loosing coalitions taken
[2, 4, 6, 13, 22]
[1, 3, 8, 12, 19]
[1, 2, 7, 9, 27]
[3, 4, 6, 7]
[1, 2, 6, 18, 28]
[1, 4, 5, 24]
[1, 2, 8, 10, 21]
[1, 2, 5, 26]
[2, 3, 5, 18]
[2, 3, 6, 10, 24]
[2, 4, 5, 7, 23]
[3, 4, 5, 9]
[1, 4, 7, 14, 15]
[2, 3, 4, 15]
[16, 17, 18, 19, 20, 21, 22, 23, 24, 25, 26, 27, 28]


5
process id 15
stats
5, 10, 7, 1000, 100000
20220628-212600
loosing coalitions taken
[2, 4, 5, 20]
[1, 2, 7, 13, 24]
[1, 2, 9, 10, 12]
[1, 4, 6, 7, 23]
[1, 3, 7, 8]
[1, 5, 6, 14, 17]
[2, 3, 6, 9, 13]
[3, 4, 6, 11, 18]
[1, 2, 6, 19]
[16, 17, 18, 19, 20, 21, 22, 23, 24, 25, 26, 27, 28]


5
process id 11
stats
5, 14, 7, 1000, 100000
20220628-212601
loosing coalitions taken
[1, 2, 7, 12, 24]
[1, 5, 6, 13, 24]
[3, 4, 6, 11, 17]
[2, 4, 6, 10, 12]
[1, 4, 5, 19, 27]
[1, 2, 8, 10, 18]
[1, 3, 7, 14, 20]
[1, 3, 8, 11, 12]
[1, 3, 6, 16]
[2, 3, 5, 26, 27]
[3, 4, 5, 13, 28]
[2, 5, 6, 7, 9]
[16, 17, 18, 19, 20, 21, 22, 23, 24, 25, 26, 27, 28]


5
process id 11
stats
5, 14, 7, 1000, 100000
20220628-212617
loosing coalitions taken
[1, 4, 6, 27]
[1, 2, 7, 14, 17]
[1, 2, 10, 12, 13]
[2, 5, 6, 8, 11]
[1, 2, 8, 9, 18]
[1, 3, 7, 10, 18]
[1, 3, 5, 11, 26]
[1, 3, 8, 14, 15]
[3, 5, 6, 7, 12]
[2, 3, 6, 10]
[2, 4, 5, 13, 20]
[3, 4, 5, 17, 23]
[16, 17, 18, 19, 20, 21, 22, 23, 24, 25, 26, 27, 28]


5
process id 9
stats
5, 16, 7, 1000, 100000
20220628-212618
loosing coalitions taken
[1, 4, 7, 12, 16]
[1, 3, 7, 8, 20]
[1, 2, 9, 12, 13]
[1, 3, 5, 24]
[1, 2, 7, 15, 19]
[1, 3, 4, 17]
[2, 3, 5, 18]
[1, 5, 6, 10, 17]
[2, 4, 5, 19, 25]
[1, 4, 5, 20]
[3, 4, 6, 8]
[1, 2, 6, 24]
[16, 17, 18, 19, 20, 21, 22, 23, 24, 25, 26, 27, 28]


5
process id 12
stats
5, 13, 7, 1000, 100000
20220628-212621
loosing coalitions taken
[2, 3, 6, 12]
[1, 2, 5, 18, 25]
[1, 3, 5, 16, 28]
[3, 4, 5, 21, 23]
[1, 2, 8, 14, 16]
[1, 3, 7, 9, 20]
[1, 3, 8, 10, 13]
[1, 2, 4, 23, 24]
[1, 2, 7, 13, 15]
[1, 4, 6, 25]
[1, 2, 9, 10, 11]
[16, 17, 18, 19, 20, 21, 22, 23, 24, 25, 26, 27, 28]


6
process id 4
stats
5, 25, 7, 1000, 100000
20220628-212652
loosing coalitions taken
[1, 2, 8, 12, 21]
[2, 4, 5, 17]
[1, 4, 6, 24]
[1, 4, 7, 13, 16]
[1, 2, 7, 9, 27]
[3, 4, 5, 9]
[1, 3, 6, 26]
[2, 3, 5, 12]
[1, 5, 6, 12, 14]
[2, 3, 7, 8, 10]
[1, 4, 5, 26]
[1, 3, 7, 15, 20]
[1, 3, 8, 9, 16]
[1, 3, 5, 13, 22]
[2, 3, 4, 27]
[2, 4, 6, 14, 18]
[2, 3, 6, 16, 22]
[16, 17, 18, 19, 20, 21, 22, 23, 24, 25, 26, 27, 28]


5
process id 13
stats
5, 12, 7, 1000, 100000
20220628-212657
loosing coalitions taken
[1, 3, 7, 8, 27]
[3, 4, 5, 15]
[1, 2, 5, 14, 22]
[1, 2, 7, 9]
[1, 4, 8, 11, 14]
[2, 4, 6, 13, 21]
[1, 3, 6, 12, 19]
[2, 3, 6, 10, 25]
[1, 4, 6, 10, 26]
[1, 5, 6, 13, 17]
[16, 17, 18, 19, 20, 21, 22, 23, 24, 25, 26, 27, 28]


5
process id 13
stats
5, 12, 7, 1000, 100000
20220628-212711
loosing coalitions taken
[3, 4, 6, 9, 17]
[1, 4, 6, 19]
[1, 2, 9, 11, 13]
[1, 2, 7, 10, 28]
[1, 3, 7, 13, 18]
[1, 2, 8, 14, 18]
[3, 4, 5, 15]
[2, 5, 6, 8, 11]
[1, 2, 5, 27]
[2, 3, 6, 12]
[1, 3, 8, 10, 16]
[16, 17, 18, 19, 20, 21, 22, 23, 24, 25, 26, 27, 28]


5
process id 5
stats
5, 20, 7, 1000, 100000
20220628-212713
loosing coalitions taken
[1, 3, 6, 24]
[1, 2, 10, 12, 13]
[1, 2, 8, 15, 17]
[2, 5, 6, 8, 11]
[1, 2, 7, 11, 23]
[1, 2, 5, 20, 21]
[1, 4, 5, 26, 27]
[1, 4, 7, 10, 16]
[1, 4, 6, 19]
[2, 3, 5, 18, 27]
[2, 4, 5, 12, 15]
[2, 4, 6, 10, 21]
[1, 4, 8, 13, 14]
[3, 4, 6, 11, 15]
[16, 17, 18, 19, 20, 21, 22, 23, 24, 25, 26, 27, 28]


5
process id 11
stats
5, 14, 7, 1000, 100000
20220628-212730
loosing coalitions taken
[1, 4, 7, 11, 15]
[1, 3, 5, 13, 22]
[1, 3, 7, 12, 14]
[1, 2, 8, 13, 14]
[1, 5, 6, 10, 17]
[1, 2, 3, 15, 23]
[1, 2, 7, 17, 18]
[2, 3, 5, 25]
[1, 4, 5, 26]
[1, 2, 9, 10, 11]
[2, 4, 6, 12, 15]
[3, 4, 6, 13, 17]
[16, 17, 18, 19, 20, 21, 22, 23, 24, 25, 26, 27, 28]


5
process id 12
stats
5, 13, 7, 1000, 100000
20220628-212757
loosing coalitions taken
[1, 2, 6, 11, 17]
[1, 4, 5, 21, 24]
[2, 4, 6, 9, 23]
[1, 2, 9, 12, 14]
[1, 3, 6, 21]
[1, 4, 7, 11, 14]
[1, 2, 7, 13, 24]
[1, 2, 5, 23, 28]
[2, 3, 5, 9, 16]
[2, 3, 4, 24]
[1, 4, 8, 9, 15]
[1, 2, 8, 10, 19]
[16, 17, 18, 19, 20, 21, 22, 23, 24, 25, 26, 27, 28]


5
process id 6
stats
5, 19, 7, 1000, 100000
20220628-212757
loosing coalitions taken
[1, 4, 7, 9, 18]
[1, 4, 8, 11, 13]
[2, 3, 6, 9, 17]
[1, 3, 7, 11, 21]
[1, 3, 6, 22, 24]
[1, 2, 5, 20]
[1, 4, 6, 26]
[1, 3, 5, 26, 27]
[1, 2, 6, 23]
[1, 2, 8, 10, 14]
[2, 3, 5, 14]
[2, 3, 4, 21, 28]
[2, 4, 5, 13]
[16, 17, 18, 19, 20, 21, 22, 23, 24, 25, 26, 27, 28]


5
process id 12
stats
5, 13, 7, 1000, 100000
20220628-212810
loosing coalitions taken
[1, 5, 6, 10, 24]
[1, 3, 8, 12, 18]
[1, 2, 7, 9, 28]
[1, 2, 8, 13, 17]
[2, 3, 5, 23, 24]
[1, 2, 3, 10]
[2, 4, 5, 15, 20]
[1, 4, 5, 27]
[3, 4, 6, 7, 21]
[2, 4, 6, 13, 22]
[2, 5, 6, 7, 14]
[16, 17, 18, 19, 20, 21, 22, 23, 24, 25, 26, 27, 28]


5
process id 13
stats
5, 12, 7, 1000, 100000
20220628-212811
loosing coalitions taken
[1, 3, 7, 14, 15]
[2, 4, 5, 15, 23]
[1, 2, 7, 16, 19]
[3, 4, 5, 21, 22]
[2, 3, 4, 18]
[2, 5, 6, 7, 12]
[1, 4, 6, 22]
[1, 2, 8, 11, 21]
[1, 2, 10, 12, 13]
[1, 3, 8, 9, 17]
[1, 3, 5, 23]
[16, 17, 18, 19, 20, 21, 22, 23, 24, 25, 26, 27, 28]


5
process id 15
stats
5, 10, 7, 1000, 100000
20220628-212825
loosing coalitions taken
[2, 4, 6, 14, 19]
[1, 2, 8, 12, 20]
[1, 2, 7, 10, 21]
[2, 3, 5, 11]
[1, 2, 4, 27]
[1, 3, 6, 7, 13]
[1, 5, 6, 9, 24]
[1, 3, 8, 10, 18]
[3, 4, 6, 8]
[16, 17, 18, 19, 20, 21, 22, 23, 24, 25, 26, 27, 28]


5
process id 8
stats
5, 17, 7, 1000, 100000
20220628-212832
loosing coalitions taken
[2, 3, 6, 11]
[1, 2, 8, 10, 13]
[1, 2, 9, 12, 14]
[1, 3, 7, 10, 18]
[1, 2, 7, 16, 21]
[1, 3, 8, 15, 16]
[2, 4, 5, 18]
[2, 3, 4, 23]
[1, 4, 5, 19, 26]
[1, 2, 3, 26]
[1, 4, 6, 10, 28]
[2, 3, 5, 16, 20]
[3, 4, 5, 12]
[1, 3, 6, 27]
[16, 17, 18, 19, 20, 21, 22, 23, 24, 25, 26, 27, 28]


5
process id 7
stats
5, 18, 7, 1000, 100000
20220628-212839
loosing coalitions taken
[2, 3, 7, 8, 9]
[1, 4, 7, 11, 15]
[1, 3, 7, 12, 22]
[1, 2, 5, 19, 25]
[1, 2, 8, 14, 17]
[1, 2, 7, 16, 21]
[2, 3, 5, 15, 17]
[2, 3, 4, 24]
[1, 3, 6, 8, 27]
[1, 2, 6, 18]
[1, 3, 5, 26]
[1, 4, 8, 9, 10]
[3, 4, 5, 13, 19]
[1, 4, 6, 22]
[16, 17, 18, 19, 20, 21, 22, 23, 24, 25, 26, 27, 28]


5
process id 5
stats
5, 20, 7, 1000, 100000
20220628-212851
loosing coalitions taken
[1, 2, 5, 26]
[1, 3, 6, 25]
[2, 4, 5, 13, 19]
[1, 3, 5, 21]
[1, 4, 6, 15, 21]
[1, 2, 8, 13, 16]
[1, 2, 6, 14, 28]
[1, 3, 8, 9, 19]
[3, 4, 5, 14, 18]
[1, 2, 7, 10, 12]
[2, 3, 6, 9]
[2, 4, 6, 11, 18]
[2, 3, 5, 22]
[1, 4, 8, 10, 11]
[16, 17, 18, 19, 20, 21, 22, 23, 24, 25, 26, 27, 28]


5
process id 6
stats
5, 19, 7, 1000, 100000
20220628-212917
loosing coalitions taken
[3, 4, 5, 16, 23]
[1, 3, 7, 11, 13]
[2, 4, 5, 20]
[1, 2, 9, 10, 12]
[1, 2, 7, 8, 26]
[1, 4, 7, 9, 17]
[1, 4, 8, 12, 14]
[2, 3, 6, 18, 20]
[1, 2, 6, 14, 27]
[1, 3, 5, 19, 28]
[2, 3, 5, 22]
[1, 2, 3, 24]
[1, 2, 5, 15]
[16, 17, 18, 19, 20, 21, 22, 23, 24, 25, 26, 27, 28]


