Results

4
process id 14
stats
5, 9, 7, 1000, 100000
20220628-174944
loosing coalitions taken
[2, 3, 6, 10, 25]
[1, 2, 7, 9]
[1, 3, 5, 14]
[3, 4, 6, 13, 20]
[1, 4, 6, 15, 28]
[2, 3, 4, 15]
[1, 4, 8, 10, 13]
[2, 5, 6, 8, 12]
[16, 17, 18, 19, 20, 21, 22, 23, 24, 25, 26, 27, 28]


4
process id 13
stats
5, 10, 7, 1000, 100000
20220628-174948
loosing coalitions taken
[1, 4, 7, 8, 18]
[2, 3, 5, 18]
[1, 4, 5, 11]
[3, 4, 6, 8, 15]
[1, 3, 7, 14, 20]
[1, 3, 8, 9, 16]
[1, 3, 6, 19]
[1, 2, 10, 12, 13]
[2, 4, 6, 7]
[16, 17, 18, 19, 20, 21, 22, 23, 24, 25, 26, 27, 28]


3
process id 15
stats
5, 8, 7, 1000, 100000
20220628-174954
loosing coalitions taken
[3, 4, 5, 14]
[2, 3, 6, 13]
[1, 2, 5, 9]
[1, 4, 7, 8, 12]
[1, 4, 6, 16]
[1, 3, 7, 10, 23]
[1, 3, 8, 11, 17]
[16, 17, 18, 19, 20, 21, 22, 23, 24, 25, 26, 27, 28]


4
process id 12
stats
5, 11, 7, 1000, 100000
20220628-175005
loosing coalitions taken
[2, 3, 6, 15, 23]
[2, 3, 4, 17, 26]
[1, 3, 5, 23]
[1, 2, 8, 12, 17]
[1, 2, 7, 9, 14]
[2, 4, 5, 10, 28]
[1, 4, 6, 8, 24]
[1, 2, 6, 20]
[3, 4, 6, 9, 21]
[1, 4, 7, 11, 15]
[16, 17, 18, 19, 20, 21, 22, 23, 24, 25, 26, 27, 28]


4
process id 15
stats
5, 8, 7, 1000, 100000
20220628-175006
loosing coalitions taken
[1, 2, 6, 28]
[1, 4, 7, 10, 19]
[2, 3, 4, 9]
[1, 3, 8, 10, 18]
[1, 3, 7, 13, 22]
[1, 4, 5, 11, 27]
[1, 3, 5, 12]
[16, 17, 18, 19, 20, 21, 22, 23, 24, 25, 26, 27, 28]


5
process id 13
stats
5, 10, 7, 1000, 100000
20220628-175011
loosing coalitions taken
[1, 4, 6, 22]
[3, 4, 5, 14]
[2, 5, 6, 7, 10]
[1, 2, 5, 17, 19]
[2, 3, 6, 11]
[1, 3, 8, 12, 16]
[1, 2, 7, 9, 27]
[1, 3, 7, 10, 13]
[1, 2, 8, 13, 15]
[16, 17, 18, 19, 20, 21, 22, 23, 24, 25, 26, 27, 28]


5
process id 8
stats
5, 15, 7, 1000, 100000
20220628-175024
loosing coalitions taken
[2, 5, 6, 7, 16]
[3, 4, 5, 16, 21]
[1, 3, 7, 13, 19]
[1, 3, 8, 14, 15]
[1, 3, 9, 10, 12]
[2, 3, 4, 15]
[1, 2, 9, 11, 13]
[1, 2, 6, 25, 28]
[1, 4, 6, 20, 23]
[1, 4, 7, 8, 18]
[1, 3, 6, 11]
[1, 4, 5, 28]
[1, 2, 7, 12, 23]
[1, 2, 8, 10, 20]
[16, 17, 18, 19, 20, 21, 22, 23, 24, 25, 26, 27, 28]


4
process id 9
stats
5, 14, 7, 1000, 100000
20220628-175050
loosing coalitions taken
[1, 2, 7, 9, 25]
[1, 3, 9, 10, 12]
[1, 2, 6, 22]
[3, 4, 6, 11, 21]
[2, 3, 5, 9, 14]
[2, 3, 4, 23, 25]
[3, 5, 6, 7, 13]
[1, 3, 8, 15, 16]
[2, 3, 7, 8, 10]
[1, 3, 7, 14, 19]
[1, 3, 5, 24, 25]
[1, 4, 8, 12, 14]
[2, 4, 5, 8, 28]
[16, 17, 18, 19, 20, 21, 22, 23, 24, 25, 26, 27, 28]


5
process id 11
stats
5, 12, 7, 1000, 100000
20220628-175116
loosing coalitions taken
[1, 2, 7, 10, 26]
[2, 4, 6, 8, 16]
[1, 4, 7, 11, 14]
[1, 2, 8, 14, 20]
[1, 4, 5, 26]
[1, 2, 9, 11, 13]
[2, 3, 5, 18, 25]
[2, 5, 6, 7, 9]
[2, 3, 4, 21]
[1, 3, 7, 8, 16]
[1, 3, 6, 20]
[16, 17, 18, 19, 20, 21, 22, 23, 24, 25, 26, 27, 28]


5
process id 5
stats
5, 15, 7, 1000, 100000
20220628-175143
loosing coalitions taken
[1, 2, 6, 16, 23]
[3, 4, 6, 13, 18]
[1, 3, 8, 10, 19]
[1, 2, 8, 11, 12]
[1, 4, 8, 9, 15]
[1, 2, 5, 22, 24]
[1, 3, 5, 13]
[1, 4, 7, 12, 16]
[1, 4, 6, 22, 26]
[2, 5, 6, 8, 10]
[1, 2, 7, 9]
[2, 3, 6, 17, 21]
[2, 3, 4, 16, 24]
[2, 4, 5, 15]
[16, 17, 18, 19, 20, 21, 22, 23, 24, 25, 26, 27, 28]


5
process id 9
stats
5, 14, 7, 1000, 100000
20220628-175253
loosing coalitions taken
[1, 4, 6, 9, 20]
[1, 2, 7, 8, 19]
[2, 3, 6, 12, 16]
[2, 3, 4, 19, 22]
[1, 2, 6, 23]
[2, 4, 5, 18, 26]
[1, 4, 8, 11, 14]
[3, 4, 6, 11, 15]
[1, 4, 7, 10, 12]
[2, 3, 5, 15]
[1, 4, 5, 22]
[1, 3, 7, 11, 17]
[1, 3, 8, 10, 18]
[16, 17, 18, 19, 20, 21, 22, 23, 24, 25, 26, 27, 28]


5
process id 10
stats
5, 13, 7, 1000, 100000
20220628-175310
loosing coalitions taken
[1, 5, 6, 16, 20]
[1, 4, 6, 15]
[3, 4, 5, 10, 28]
[2, 3, 7, 8, 10]
[1, 3, 7, 14, 20]
[3, 5, 6, 7, 11]
[2, 3, 6, 12]
[1, 3, 8, 9, 18]
[2, 4, 5, 16]
[1, 3, 5, 19]
[1, 2, 8, 13, 17]
[1, 2, 7, 11, 24]
[16, 17, 18, 19, 20, 21, 22, 23, 24, 25, 26, 27, 28]


5
process id 12
stats
5, 11, 7, 1000, 100000
20220628-175501
loosing coalitions taken
[1, 4, 5, 23]
[2, 3, 5, 24, 28]
[2, 3, 4, 11]
[1, 2, 7, 16, 21]
[1, 2, 10, 12, 14]
[2, 5, 6, 7, 10]
[1, 2, 8, 13, 20]
[1, 2, 6, 18]
[1, 3, 8, 12, 15]
[1, 3, 7, 10, 20]
[16, 17, 18, 19, 20, 21, 22, 23, 24, 25, 26, 27, 28]


5
process id 6
stats
5, 15, 7, 1000, 100000
20220628-175646
loosing coalitions taken
[1, 4, 8, 11, 12]
[1, 2, 6, 25, 26]
[2, 4, 6, 14, 21]
[1, 5, 6, 10, 20]
[1, 4, 5, 18, 21]
[3, 4, 6, 13, 19]
[1, 4, 6, 22]
[1, 3, 8, 9, 14]
[1, 3, 7, 11, 16]
[1, 2, 7, 12, 15]
[1, 2, 8, 13, 16]
[2, 3, 4, 17, 20]
[2, 4, 5, 11, 19]
[1, 2, 5, 28]
[16, 17, 18, 19, 20, 21, 22, 23, 24, 25, 26, 27, 28]


5
process id 15
stats
5, 8, 7, 1000, 100000
20220628-175806
loosing coalitions taken
[1, 3, 5, 15, 26]
[1, 2, 7, 9]
[2, 4, 5, 10]
[2, 3, 6, 15, 25]
[1, 3, 8, 14, 16]
[1, 4, 6, 23]
[3, 5, 6, 7, 14]
[16, 17, 18, 19, 20, 21, 22, 23, 24, 25, 26, 27, 28]


6
process id 12
stats
5, 11, 7, 1000, 100000
20220628-175914
loosing coalitions taken
[3, 4, 5, 14, 28]
[1, 3, 8, 9, 20]
[2, 3, 6, 10]
[2, 4, 5, 17]
[1, 4, 6, 26]
[1, 2, 8, 12, 19]
[1, 2, 7, 13, 25]
[1, 2, 9, 11, 14]
[1, 3, 5, 18, 25]
[1, 3, 7, 16, 17]
[16, 17, 18, 19, 20, 21, 22, 23, 24, 25, 26, 27, 28]


5
process id 14
stats
5, 9, 7, 1000, 100000
20220628-180745
loosing coalitions taken
[2, 4, 6, 15, 17]
[1, 3, 6, 21]
[2, 3, 4, 26]
[2, 5, 6, 8, 10]
[1, 4, 5, 23]
[1, 2, 8, 9, 18]
[1, 2, 7, 11, 27]
[1, 2, 10, 12, 14]
[16, 17, 18, 19, 20, 21, 22, 23, 24, 25, 26, 27, 28]


