Results

5
process id 11
stats
5, 14, 7, 1000, 100000
20220628-213040
loosing coalitions taken
[1, 3, 7, 16, 18]
[1, 4, 7, 13, 15]
[3, 4, 6, 9, 16]
[1, 3, 5, 27, 28]
[3, 5, 6, 7, 14]
[2, 3, 4, 24]
[1, 5, 6, 9, 19]
[1, 2, 5, 13, 17]
[1, 4, 6, 23]
[1, 2, 7, 10, 27]
[1, 2, 8, 15, 16]
[1, 3, 8, 9, 11]
[16, 17, 18, 19, 20, 21, 22, 23, 24, 25, 26, 27, 28]


5
process id 13
stats
5, 12, 7, 1000, 100000
20220628-213044
loosing coalitions taken
[2, 4, 5, 18]
[1, 2, 10, 11, 14]
[1, 2, 8, 13, 15]
[1, 2, 7, 9, 21]
[2, 3, 6, 15, 25]
[1, 2, 3, 27]
[1, 4, 6, 23, 25]
[1, 5, 6, 8]
[3, 4, 6, 12, 16]
[1, 4, 7, 13, 14]
[16, 17, 18, 19, 20, 21, 22, 23, 24, 25, 26, 27, 28]


5
process id 13
stats
5, 12, 7, 1000, 100000
20220628-213057
loosing coalitions taken
[3, 4, 6, 9, 20]
[2, 3, 7, 8, 9]
[1, 3, 8, 11, 17]
[1, 4, 5, 28]
[1, 3, 7, 13, 16]
[1, 3, 9, 10, 12]
[2, 3, 5, 17, 19]
[3, 5, 6, 7, 12]
[2, 3, 4, 23, 25]
[1, 2, 7, 14, 21]
[1, 2, 6, 22]
[16, 17, 18, 19, 20, 21, 22, 23, 24, 25, 26, 27, 28]


5
process id 11
stats
5, 14, 7, 1000, 100000
20220628-213107
loosing coalitions taken
[1, 2, 7, 12, 21]
[2, 3, 5, 23]
[3, 4, 6, 10, 14]
[1, 4, 5, 13, 27]
[1, 2, 9, 11, 14]
[1, 2, 8, 15, 17]
[1, 3, 8, 9, 16]
[1, 3, 7, 11, 13]
[1, 5, 6, 11, 19]
[1, 4, 7, 10, 19]
[1, 3, 4, 26]
[1, 2, 6, 25]
[16, 17, 18, 19, 20, 21, 22, 23, 24, 25, 26, 27, 28]


5
process id 13
stats
5, 12, 7, 1000, 100000
20220628-213123
loosing coalitions taken
[1, 4, 5, 22]
[1, 2, 9, 10, 13]
[2, 5, 6, 7, 12]
[1, 3, 7, 12, 16]
[1, 3, 6, 9, 23]
[1, 2, 6, 17, 19]
[1, 2, 7, 11, 23]
[1, 2, 8, 15, 16]
[1, 3, 8, 10, 14]
[3, 4, 6, 10, 19]
[2, 3, 4, 26]
[16, 17, 18, 19, 20, 21, 22, 23, 24, 25, 26, 27, 28]


5
process id 11
stats
5, 14, 7, 1000, 100000
20220628-213128
loosing coalitions taken
[1, 3, 5, 21]
[2, 4, 5, 14, 19]
[1, 2, 9, 10, 14]
[1, 2, 8, 13, 20]
[1, 2, 7, 12, 26]
[2, 5, 6, 7, 9]
[2, 3, 7, 8, 10]
[2, 3, 4, 13, 27]
[2, 3, 6, 17, 20]
[1, 2, 6, 25]
[3, 4, 6, 11, 15]
[1, 4, 7, 13, 16]
[1, 4, 8, 9, 11]
[16, 17, 18, 19, 20, 21, 22, 23, 24, 25, 26, 27, 28]


5
process id 14
stats
5, 11, 7, 1000, 100000
20220628-213136
loosing coalitions taken
[1, 2, 7, 12, 17]
[2, 3, 4, 28]
[1, 2, 8, 9, 21]
[1, 4, 7, 8, 15]
[1, 2, 5, 14, 26]
[1, 4, 5, 23]
[2, 5, 6, 7, 15]
[1, 3, 7, 13, 20]
[1, 2, 6, 25]
[1, 3, 9, 10, 11]
[16, 17, 18, 19, 20, 21, 22, 23, 24, 25, 26, 27, 28]


5
process id 13
stats
5, 12, 7, 1000, 100000
20220628-213146
loosing coalitions taken
[1, 4, 6, 24]
[1, 3, 7, 9, 22]
[2, 3, 4, 25]
[1, 3, 8, 11, 15]
[1, 3, 5, 13, 19]
[1, 2, 5, 15, 26]
[1, 2, 7, 11, 19]
[1, 2, 8, 9, 20]
[1, 2, 10, 12, 14]
[2, 5, 6, 7, 9]
[16, 17, 18, 19, 20, 21, 22, 23, 24, 25, 26, 27, 28]


5
process id 15
stats
5, 10, 8, 1000, 100000
20220628-213201
loosing coalitions taken
[1, 5, 6, 13, 16]
[1, 4, 6, 22]
[1, 3, 7, 15, 20]
[1, 3, 8, 9, 19]
[2, 3, 4, 13, 16]
[2, 3, 6, 12]
[3, 4, 5, 19, 21]
[2, 4, 5, 15]
[1, 2, 7, 11, 24]
[16, 17, 18, 19, 20, 21, 22, 23, 24, 25, 26, 27, 28]


5
process id 10
stats
5, 15, 7, 1000, 100000
20220628-213210
loosing coalitions taken
[3, 4, 5, 18, 25]
[1, 3, 8, 10, 17]
[1, 4, 5, 23]
[2, 3, 5, 10, 16]
[1, 2, 6, 18, 24]
[1, 2, 7, 9, 12]
[3, 4, 6, 13, 15]
[1, 3, 6, 16, 28]
[1, 2, 8, 13, 14]
[3, 5, 6, 7, 14]
[2, 3, 4, 27]
[1, 3, 7, 15, 20]
[16, 17, 18, 19, 20, 21, 22, 23, 24, 25, 26, 27, 28]


5
process id 11
stats
5, 14, 7, 1000, 100000
20220628-213214
loosing coalitions taken
[3, 4, 6, 11, 16]
[2, 3, 6, 14]
[1, 4, 6, 13, 24]
[1, 5, 6, 16, 17]
[1, 3, 4, 22, 27]
[1, 3, 7, 9, 10]
[1, 2, 8, 10, 19]
[1, 2, 7, 13, 21]
[1, 4, 8, 11, 12]
[2, 4, 5, 16, 23]
[3, 4, 5, 12, 20]
[1, 4, 5, 19]
[16, 17, 18, 19, 20, 21, 22, 23, 24, 25, 26, 27, 28]


5
process id 5
stats
5, 20, 5, 1000, 100000
20220628-213230
loosing coalitions taken
[1, 3, 6, 12]
[3, 4, 5, 11]
[1, 4, 5, 26]
[2, 3, 6, 13]
[1, 2, 8, 11, 19]
[2, 3, 4, 14]
[1, 2, 5, 21]
[1, 5, 6, 13, 19]
[2, 4, 5, 20, 24]
[1, 4, 6, 25]
[1, 2, 9, 12, 14]
[1, 4, 7, 8, 28]
[3, 5, 6, 7, 14]
[16, 17, 18, 19, 20, 21, 22, 23, 24, 25, 26, 27, 28]


5
process id 11
stats
5, 14, 7, 1000, 100000
20220628-213238
loosing coalitions taken
[1, 4, 5, 18]
[2, 3, 5, 16, 19]
[2, 3, 7, 8, 10]
[2, 4, 6, 10, 14]
[2, 5, 6, 7, 11]
[2, 3, 4, 20, 22]
[1, 2, 8, 11, 19]
[1, 2, 7, 15, 21]
[1, 2, 9, 12, 14]
[1, 2, 6, 27]
[3, 4, 6, 11, 21]
[1, 3, 8, 9, 13]
[1, 3, 7, 16, 17]
[16, 17, 18, 19, 20, 21, 22, 23, 24, 25, 26, 27, 28]


5
process id 15
stats
5, 10, 8, 1000, 100000
20220628-213239
loosing coalitions taken
[1, 2, 7, 12, 23]
[1, 3, 8, 11, 16]
[1, 4, 6, 24]
[1, 2, 8, 14, 19]
[2, 3, 6, 12]
[2, 4, 5, 16, 21]
[1, 2, 5, 22, 25]
[3, 4, 5, 18, 20]
[1, 3, 7, 13, 17]
[16, 17, 18, 19, 20, 21, 22, 23, 24, 25, 26, 27, 28]


5
process id 12
stats
5, 13, 7, 1000, 100000
20220628-213243
loosing coalitions taken
[1, 3, 5, 26]
[1, 2, 8, 13, 20]
[1, 2, 7, 10, 27]
[1, 2, 9, 11, 14]
[1, 4, 6, 19, 23]
[1, 2, 6, 24]
[3, 4, 6, 8, 25]
[2, 3, 7, 8, 9]
[2, 4, 5, 11, 22]
[2, 3, 4, 14]
[1, 4, 7, 13, 15]
[1, 4, 8, 10, 11]
[16, 17, 18, 19, 20, 21, 22, 23, 24, 25, 26, 27, 28]


