Results

3process id 15stats5, 8, 7, 500, 10000020220628-174228
loosing coalitions taken
[1, 3, 6, 14, 24]
[1, 2, 8, 10, 19]
[1, 4, 5, 16, 20]
[2, 4, 6, 12, 21]
[3, 4, 6, 7]
[2, 3, 5, 13]
[1, 4, 8, 11, 12]
[16, 17, 18, 19, 20, 21, 22, 23, 24, 25, 26, 27, 28]


4process id 14stats5, 9, 7, 500, 10000020220628-174229
loosing coalitions taken
[1, 4, 6, 22]
[3, 5, 6, 7, 8]
[1, 2, 5, 25]
[1, 3, 8, 13, 16]
[3, 4, 5, 15, 17]
[1, 3, 7, 9, 20]
[2, 3, 4, 8, 21]
[2, 3, 6, 11]
[16, 17, 18, 19, 20, 21, 22, 23, 24, 25, 26, 27, 28]


3process id 13stats5, 10, 7, 500, 10000020220628-174248
loosing coalitions taken
[1, 2, 7, 9, 25]
[2, 3, 6, 12, 18]
[1, 3, 7, 8, 13]
[1, 2, 3, 23]
[2, 4, 5, 10, 15]
[3, 4, 5, 9, 24]
[2, 5, 6, 8, 11]
[1, 4, 5, 18]
[2, 4, 6, 7]
[16, 17, 18, 19, 20, 21, 22, 23, 24, 25, 26, 27, 28]


4process id 15stats5, 8, 7, 500, 10000020220628-174252
loosing coalitions taken
[1, 3, 6, 10]
[3, 4, 5, 9, 22]
[1, 2, 5, 28]
[1, 4, 7, 13, 16]
[2, 4, 6, 9, 14]
[2, 3, 4, 24]
[1, 4, 8, 9, 15]
[16, 17, 18, 19, 20, 21, 22, 23, 24, 25, 26, 27, 28]


4process id 10stats5, 13, 7, 500, 10000020220628-174258
loosing coalitions taken
[3, 4, 5, 14, 21]
[2, 4, 6, 7]
[1, 3, 6, 22, 26]
[1, 2, 8, 11, 21]
[1, 2, 3, 19, 24]
[1, 3, 7, 12, 21]
[1, 3, 8, 9, 16]
[2, 3, 5, 16]
[1, 2, 9, 10, 14]
[1, 5, 6, 10, 18]
[1, 4, 5, 26, 28]
[1, 4, 8, 12, 14]
[16, 17, 18, 19, 20, 21, 22, 23, 24, 25, 26, 27, 28]


4process id 13stats5, 10, 7, 500, 10000020220628-174259
loosing coalitions taken
[1, 2, 5, 24]
[1, 4, 6, 16, 23]
[1, 4, 8, 9, 15]
[1, 3, 7, 11, 17]
[1, 4, 7, 10, 14]
[1, 3, 6, 20]
[2, 3, 4, 22, 27]
[3, 4, 5, 13, 16]
[2, 4, 6, 7, 25]
[16, 17, 18, 19, 20, 21, 22, 23, 24, 25, 26, 27, 28]


4process id 12stats5, 11, 7, 500, 10000020220628-174301
loosing coalitions taken
[2, 4, 6, 13, 20]
[1, 2, 8, 9, 17]
[1, 2, 10, 11, 13]
[2, 3, 5, 11, 16]
[1, 2, 6, 18]
[2, 3, 4, 8, 10]
[3, 4, 6, 12, 17]
[1, 3, 8, 14, 15]
[1, 4, 5, 17]
[1, 3, 7, 10, 24]
[16, 17, 18, 19, 20, 21, 22, 23, 24, 25, 26, 27, 28]


5process id 11stats5, 12, 7, 500, 10000020220628-174323
loosing coalitions taken
[1, 4, 8, 13, 14]
[1, 4, 6, 26]
[1, 3, 7, 13, 21]
[3, 4, 5, 10]
[2, 3, 6, 16, 24]
[1, 2, 3, 11, 23]
[1, 2, 7, 10, 20]
[1, 2, 5, 17, 18]
[2, 5, 6, 7, 12]
[1, 3, 8, 12, 15]
[1, 2, 9, 12, 13]
[16, 17, 18, 19, 20, 21, 22, 23, 24, 25, 26, 27, 28]


5process id 9stats5, 14, 7, 500, 10000020220628-174329
loosing coalitions taken
[1, 5, 6, 9, 26]
[3, 4, 6, 9, 13]
[1, 4, 5, 11]
[2, 4, 6, 15, 18]
[1, 3, 8, 13, 15]
[1, 3, 7, 10, 20]
[1, 3, 6, 23]
[1, 2, 10, 12, 13]
[1, 2, 7, 15, 17]
[2, 5, 6, 7, 13]
[2, 3, 4, 14, 25]
[2, 3, 5, 22]
[1, 2, 8, 14, 20]
[16, 17, 18, 19, 20, 21, 22, 23, 24, 25, 26, 27, 28]


5process id 6stats5, 15, 7, 500, 10000020220628-174350
loosing coalitions taken
[1, 2, 8, 9, 20]
[2, 3, 5, 15, 17]
[2, 4, 6, 8, 23]
[1, 2, 10, 11, 14]
[1, 2, 5, 16, 22]
[1, 3, 8, 10, 18]
[3, 4, 6, 13, 17]
[1, 3, 6, 16]
[1, 2, 7, 17, 18]
[1, 4, 5, 20, 27]
[2, 4, 5, 19, 24]
[2, 3, 4, 25]
[2, 5, 6, 7, 10]
[1, 4, 7, 8]
[16, 17, 18, 19, 20, 21, 22, 23, 24, 25, 26, 27, 28]


5process id 5stats5, 15, 7, 500, 10000020220628-174530
loosing coalitions taken
[1, 3, 8, 10, 17]
[1, 3, 7, 12, 22]
[1, 3, 5, 18, 27]
[1, 2, 5, 12, 24]
[1, 4, 8, 11, 13]
[1, 2, 6, 25, 26]
[1, 3, 6, 24]
[1, 4, 5, 26]
[2, 3, 4, 22, 28]
[2, 4, 6, 13, 19]
[1, 2, 7, 11, 16]
[2, 3, 5, 16]
[1, 2, 9, 10, 13]
[1, 2, 8, 14, 18]
[16, 17, 18, 19, 20, 21, 22, 23, 24, 25, 26, 27, 28]


5process id 12stats5, 11, 7, 500, 10000020220628-174531
loosing coalitions taken
[1, 3, 9, 10, 11]
[2, 3, 6, 11]
[3, 4, 5, 12, 15]
[1, 4, 6, 25]
[1, 3, 8, 12, 14]
[1, 3, 7, 15, 16]
[2, 4, 5, 18]
[1, 2, 8, 10, 20]
[1, 3, 5, 20, 28]
[1, 2, 7, 9]
[16, 17, 18, 19, 20, 21, 22, 23, 24, 25, 26, 27, 28]


5process id 13stats5, 10, 7, 500, 10000020220628-174540
loosing coalitions taken
[2, 4, 6, 8, 18]
[1, 4, 5, 27]
[2, 3, 5, 22]
[1, 2, 7, 10, 11]
[1, 3, 6, 7, 28]
[1, 2, 9, 12, 13]
[1, 3, 8, 10, 17]
[1, 2, 6, 14]
[3, 4, 6, 12, 13]
[16, 17, 18, 19, 20, 21, 22, 23, 24, 25, 26, 27, 28]


6process id 10stats5, 13, 7, 500, 10000020220628-174608
loosing coalitions taken
[1, 4, 5, 26]
[1, 3, 7, 15, 17]
[2, 3, 5, 10, 18]
[1, 3, 9, 10, 12]
[3, 4, 6, 10, 20]
[1, 3, 8, 11, 19]
[3, 5, 6, 7, 14]
[2, 3, 4, 25]
[1, 2, 6, 21, 24]
[1, 2, 8, 9, 18]
[1, 3, 6, 27]
[1, 2, 7, 13, 23]
[16, 17, 18, 19, 20, 21, 22, 23, 24, 25, 26, 27, 28]


