Results

5
process id 10
stats
5, 13, 7, 1000, 100000
20220628-192234
loosing coalitions taken
[2, 4, 6, 9, 23]
[1, 2, 9, 10, 12]
[2, 3, 4, 24]
[1, 2, 7, 13, 19]
[1, 3, 7, 12, 15]
[1, 3, 6, 13, 14]
[1, 3, 8, 9, 20]
[1, 2, 8, 11, 21]
[1, 2, 6, 26]
[3, 5, 6, 7, 10]
[1, 3, 5, 25]
[1, 4, 7, 8, 28]
[16, 17, 18, 19, 20, 21, 22, 23, 24, 25, 26, 27, 28]


5
process id 13
stats
5, 10, 7, 1000, 100000
20220628-192458
loosing coalitions taken
[2, 4, 6, 7]
[1, 3, 6, 15, 21]
[1, 2, 8, 10, 17]
[2, 3, 5, 25]
[1, 4, 5, 23, 27]
[1, 3, 8, 11, 18]
[1, 5, 6, 14, 19]
[1, 3, 4, 10]
[1, 2, 9, 11, 13]
[16, 17, 18, 19, 20, 21, 22, 23, 24, 25, 26, 27, 28]


5
process id 11
stats
5, 12, 7, 1000, 100000
20220628-192546
loosing coalitions taken
[1, 2, 6, 10, 24]
[2, 3, 5, 14]
[1, 2, 7, 15, 22]
[1, 2, 9, 12, 13]
[2, 4, 6, 9, 20]
[1, 5, 6, 12, 18]
[1, 2, 8, 11, 20]
[3, 4, 6, 7, 17]
[1, 4, 6, 19]
[1, 3, 7, 9, 10]
[1, 3, 8, 12, 17]
[16, 17, 18, 19, 20, 21, 22, 23, 24, 25, 26, 27, 28]


5
process id 11
stats
5, 12, 7, 1000, 100000
20220628-192818
loosing coalitions taken
[2, 3, 4, 15, 18]
[1, 2, 10, 11, 13]
[2, 5, 6, 7, 14]
[1, 2, 8, 15, 16]
[2, 3, 6, 9]
[2, 4, 5, 10]
[1, 4, 6, 16]
[1, 2, 7, 12, 23]
[1, 3, 5, 14, 21]
[1, 3, 7, 10, 20]
[1, 3, 8, 11, 17]
[16, 17, 18, 19, 20, 21, 22, 23, 24, 25, 26, 27, 28]


5
process id 12
stats
5, 11, 7, 1000, 100000
20220628-192913
loosing coalitions taken
[2, 3, 5, 15, 27]
[2, 4, 6, 16, 17]
[2, 3, 4, 18]
[1, 4, 5, 22]
[1, 2, 8, 10, 16]
[2, 5, 6, 7, 14]
[1, 2, 7, 9, 19]
[1, 2, 6, 21]
[1, 3, 8, 11, 19]
[1, 3, 7, 12, 13]
[16, 17, 18, 19, 20, 21, 22, 23, 24, 25, 26, 27, 28]


5
process id 12
stats
5, 11, 7, 1000, 100000
20220628-193106
loosing coalitions taken
[1, 3, 5, 22]
[1, 2, 6, 12, 28]
[3, 4, 6, 9, 20]
[1, 4, 6, 27]
[1, 2, 7, 16, 19]
[1, 2, 8, 14, 18]
[1, 2, 9, 10, 11]
[2, 3, 6, 14, 25]
[2, 3, 4, 28]
[2, 5, 6, 8, 11]
[16, 17, 18, 19, 20, 21, 22, 23, 24, 25, 26, 27, 28]


5
process id 14
stats
5, 9, 7, 1000, 100000
20220628-193153
loosing coalitions taken
[1, 4, 6, 27]
[2, 4, 5, 18]
[2, 3, 6, 14]
[1, 3, 5, 21, 22]
[1, 3, 8, 11, 13]
[1, 2, 7, 10, 13]
[1, 3, 7, 12, 19]
[1, 2, 8, 12, 16]
[16, 17, 18, 19, 20, 21, 22, 23, 24, 25, 26, 27, 28]


5
process id 11
stats
5, 12, 7, 1000, 100000
20220628-193156
loosing coalitions taken
[1, 5, 6, 10, 20]
[2, 4, 6, 15, 17]
[3, 4, 5, 14]
[1, 4, 7, 8, 10]
[2, 5, 6, 8, 12]
[1, 4, 6, 23]
[1, 2, 3, 10, 15]
[1, 2, 5, 25, 27]
[2, 3, 6, 13]
[1, 2, 7, 9, 19]
[1, 3, 8, 12, 18]
[16, 17, 18, 19, 20, 21, 22, 23, 24, 25, 26, 27, 28]


5
process id 14
stats
5, 9, 7, 1000, 100000
20220628-193204
loosing coalitions taken
[3, 4, 5, 21, 22]
[1, 5, 6, 10, 25]
[1, 3, 8, 11, 13]
[2, 3, 6, 14]
[1, 4, 5, 16]
[1, 3, 7, 9, 20]
[1, 2, 7, 13, 25]
[1, 2, 8, 9, 21]
[16, 17, 18, 19, 20, 21, 22, 23, 24, 25, 26, 27, 28]


5
process id 10
stats
5, 13, 7, 1000, 100000
20220628-193220
loosing coalitions taken
[1, 2, 9, 12, 14]
[3, 4, 6, 10, 15]
[1, 5, 6, 12, 22]
[2, 4, 6, 11, 20]
[1, 2, 7, 11, 27]
[2, 3, 5, 15]
[1, 4, 5, 21]
[1, 2, 8, 10, 17]
[1, 3, 6, 17, 26]
[1, 2, 6, 19]
[1, 3, 8, 14, 16]
[1, 3, 7, 13, 22]
[16, 17, 18, 19, 20, 21, 22, 23, 24, 25, 26, 27, 28]


5
process id 12
stats
5, 11, 7, 1000, 100000
20220628-193221
loosing coalitions taken
[1, 3, 5, 23]
[1, 2, 7, 11, 25]
[2, 3, 6, 15, 22]
[1, 4, 8, 10, 12]
[1, 2, 9, 10, 14]
[2, 3, 4, 16]
[1, 2, 8, 15, 17]
[2, 5, 6, 8, 12]
[1, 2, 6, 27]
[1, 4, 7, 14, 15]
[16, 17, 18, 19, 20, 21, 22, 23, 24, 25, 26, 27, 28]


5
process id 13
stats
5, 10, 7, 1000, 100000
20220628-193259
loosing coalitions taken
[1, 3, 5, 16, 25]
[1, 4, 6, 22]
[2, 4, 5, 11]
[1, 2, 8, 10, 17]
[1, 3, 7, 10, 19]
[1, 2, 7, 13, 24]
[1, 3, 8, 9, 14]
[2, 3, 6, 12, 28]
[1, 2, 3, 27]
[16, 17, 18, 19, 20, 21, 22, 23, 24, 25, 26, 27, 28]


5
process id 11
stats
5, 12, 7, 1000, 100000
20220628-193328
loosing coalitions taken
[1, 3, 7, 9, 21]
[1, 3, 8, 13, 16]
[3, 5, 6, 7, 14]
[2, 3, 4, 12, 24]
[2, 3, 6, 13]
[1, 2, 7, 14, 23]
[1, 2, 5, 8, 27]
[2, 4, 5, 14]
[1, 3, 5, 18]
[1, 4, 6, 20]
[1, 2, 10, 11, 12]
[16, 17, 18, 19, 20, 21, 22, 23, 24, 25, 26, 27, 28]


5
process id 12
stats
5, 11, 7, 1000, 100000
20220628-193359
loosing coalitions taken
[1, 4, 6, 25]
[2, 3, 6, 10]
[1, 3, 8, 9, 12]
[1, 3, 7, 11, 15]
[1, 2, 7, 8, 28]
[1, 2, 5, 12, 20]
[1, 2, 9, 11, 13]
[3, 4, 5, 12, 19]
[1, 3, 5, 16, 27]
[2, 4, 5, 16, 18]
[16, 17, 18, 19, 20, 21, 22, 23, 24, 25, 26, 27, 28]


5
process id 12
stats
5, 11, 7, 1000, 100000
20220628-193410
loosing coalitions taken
[2, 3, 5, 20]
[1, 4, 5, 25]
[1, 3, 6, 19, 28]
[3, 4, 6, 7, 14]
[2, 4, 6, 9, 11]
[1, 3, 9, 10, 11]
[1, 3, 7, 13, 15]
[1, 2, 6, 15, 22]
[1, 2, 8, 9, 14]
[1, 2, 7, 11, 26]
[16, 17, 18, 19, 20, 21, 22, 23, 24, 25, 26, 27, 28]


6
process id 11
stats
5, 12, 7, 1000, 100000
20220628-193427
loosing coalitions taken
[1, 2, 7, 12, 15]
[1, 2, 8, 9, 21]
[2, 3, 4, 11, 21]
[1, 4, 6, 25]
[1, 3, 8, 10, 12]
[2, 3, 6, 14]
[2, 4, 5, 18, 26]
[1, 2, 10, 11, 13]
[1, 2, 5, 17]
[3, 4, 5, 13]
[1, 3, 7, 11, 16]
[16, 17, 18, 19, 20, 21, 22, 23, 24, 25, 26, 27, 28]


5
process id 15
stats
5, 8, 7, 1000, 100000
20220628-193656
loosing coalitions taken
[2, 3, 5, 19]
[2, 4, 6, 11, 12]
[1, 4, 5, 27]
[1, 3, 6, 21]
[1, 2, 7, 12, 20]
[1, 2, 8, 9, 15]
[1, 2, 10, 11, 14]
[16, 17, 18, 19, 20, 21, 22, 23, 24, 25, 26, 27, 28]


5
process id 12
stats
5, 11, 7, 1000, 100000
20220628-193755
loosing coalitions taken
[1, 3, 5, 20]
[2, 3, 6, 9, 26]
[2, 4, 5, 21, 24]
[2, 4, 6, 15, 19]
[1, 2, 8, 9, 16]
[2, 3, 4, 28]
[1, 2, 10, 11, 14]
[1, 2, 7, 12, 18]
[1, 4, 6, 16]
[2, 5, 6, 8, 12]
[16, 17, 18, 19, 20, 21, 22, 23, 24, 25, 26, 27, 28]


5
process id 10
stats
5, 13, 7, 1000, 100000
20220628-193831
loosing coalitions taken
[3, 5, 6, 7, 13]
[2, 3, 6, 8, 26]
[1, 4, 7, 11, 12]
[1, 4, 8, 13, 14]
[2, 3, 4, 17]
[1, 4, 5, 26]
[1, 2, 7, 13, 22]
[1, 2, 8, 9, 21]
[1, 2, 10, 11, 14]
[1, 3, 6, 27, 28]
[1, 2, 6, 24]
[1, 3, 7, 8]
[16, 17, 18, 19, 20, 21, 22, 23, 24, 25, 26, 27, 28]


5
process id 14
stats
5, 9, 7, 1000, 100000
20220628-193847
loosing coalitions taken
[2, 4, 5, 13]
[2, 3, 6, 11]
[1, 2, 7, 9, 19]
[1, 4, 8, 9, 10]
[1, 2, 8, 14, 20]
[1, 4, 6, 27]
[1, 3, 5, 14, 25]
[1, 3, 7, 12, 21]
[16, 17, 18, 19, 20, 21, 22, 23, 24, 25, 26, 27, 28]


5
process id 13
stats
5, 10, 7, 1000, 100000
20220628-193907
loosing coalitions taken
[1, 3, 5, 22]
[1, 2, 9, 11, 13]
[1, 4, 6, 27]
[1, 2, 7, 12, 21]
[2, 4, 5, 17, 24]
[2, 5, 6, 8, 9]
[2, 3, 6, 11, 14]
[2, 3, 4, 18]
[1, 2, 8, 10, 16]
[16, 17, 18, 19, 20, 21, 22, 23, 24, 25, 26, 27, 28]


5
process id 10
stats
5, 13, 7, 1000, 100000
20220628-193920
loosing coalitions taken
[1, 2, 9, 10, 12]
[1, 3, 7, 13, 19]
[2, 4, 5, 19, 24]
[2, 3, 6, 10, 20]
[2, 3, 4, 23]
[1, 2, 8, 14, 15]
[1, 2, 7, 11, 24]
[2, 5, 6, 7, 13]
[1, 3, 5, 14]
[1, 4, 7, 8, 12]
[1, 2, 6, 16, 27]
[1, 4, 6, 25]
[16, 17, 18, 19, 20, 21, 22, 23, 24, 25, 26, 27, 28]


5
process id 12
stats
5, 11, 7, 1000, 100000
20220628-193925
loosing coalitions taken
[3, 4, 5, 14, 16]
[1, 3, 4, 25]
[2, 4, 5, 15]
[1, 2, 10, 11, 14]
[2, 3, 6, 12, 24]
[1, 2, 7, 13, 24]
[2, 3, 7, 8, 9]
[1, 5, 6, 16, 17]
[1, 2, 8, 12, 20]
[1, 2, 6, 19]
[16, 17, 18, 19, 20, 21, 22, 23, 24, 25, 26, 27, 28]


5
process id 12
stats
5, 11, 7, 1000, 100000
20220628-194103
loosing coalitions taken
[2, 3, 6, 11]
[1, 2, 7, 9, 10]
[2, 4, 5, 14, 26]
[1, 4, 6, 25]
[1, 2, 8, 15, 17]
[1, 2, 5, 12, 22]
[1, 3, 7, 12, 13]
[3, 4, 5, 16, 22]
[1, 3, 5, 10, 15]
[1, 3, 8, 9, 16]
[16, 17, 18, 19, 20, 21, 22, 23, 24, 25, 26, 27, 28]


5
process id 10
stats
5, 13, 7, 1000, 100000
20220628-194232
loosing coalitions taken
[1, 4, 6, 27]
[1, 2, 7, 9, 24]
[1, 3, 7, 13, 20]
[2, 3, 6, 13, 16]
[2, 3, 4, 11, 25]
[2, 4, 5, 12]
[1, 2, 10, 11, 13]
[1, 2, 3, 23, 26]
[1, 3, 5, 14, 25]
[3, 5, 6, 7, 8]
[1, 3, 8, 10, 15]
[1, 2, 8, 14, 16]
[16, 17, 18, 19, 20, 21, 22, 23, 24, 25, 26, 27, 28]


5
process id 9
stats
5, 14, 7, 1000, 100000
20220628-194236
loosing coalitions taken
[1, 2, 10, 11, 12]
[1, 3, 8, 10, 15]
[3, 4, 6, 14, 17]
[2, 3, 4, 23]
[1, 3, 7, 16, 17]
[3, 5, 6, 7, 13]
[1, 3, 5, 19, 24]
[1, 4, 7, 10, 18]
[1, 4, 5, 28]
[1, 2, 6, 14, 22]
[1, 3, 6, 26]
[1, 2, 8, 13, 17]
[1, 2, 7, 9]
[16, 17, 18, 19, 20, 21, 22, 23, 24, 25, 26, 27, 28]


6
process id 5
stats
5, 15, 7, 1000, 100000
20220628-194247
loosing coalitions taken
[1, 2, 7, 16, 19]
[1, 2, 8, 13, 20]
[4, 5, 6, 7, 8]
[1, 3, 6, 19, 24]
[1, 5, 6, 15, 21]
[3, 4, 6, 10, 20]
[1, 4, 6, 23]
[1, 3, 9, 10, 12]
[1, 3, 7, 13, 22]
[1, 2, 10, 11, 14]
[2, 3, 6, 11]
[2, 4, 5, 16, 25]
[1, 2, 5, 27]
[3, 4, 5, 14]
[16, 17, 18, 19, 20, 21, 22, 23, 24, 25, 26, 27, 28]


5
process id 10
stats
5, 13, 7, 1000, 100000
20220628-194250
loosing coalitions taken
[3, 5, 6, 7, 13]
[2, 3, 7, 8, 10]
[1, 4, 7, 8]
[1, 3, 9, 10, 12]
[1, 3, 5, 24, 28]
[1, 5, 6, 14, 18]
[1, 2, 5, 27]
[2, 3, 4, 9, 28]
[3, 4, 5, 16]
[2, 4, 6, 11, 21]
[1, 3, 6, 17, 20]
[2, 3, 6, 12]
[16, 17, 18, 19, 20, 21, 22, 23, 24, 25, 26, 27, 28]


5
process id 14
stats
5, 9, 7, 1000, 100000
20220628-194414
loosing coalitions taken
[1, 3, 5, 28]
[1, 4, 7, 13, 14]
[1, 4, 6, 26]
[1, 2, 7, 11, 25]
[1, 2, 8, 14, 15]
[2, 3, 4, 22]
[1, 2, 9, 10, 13]
[2, 5, 6, 7, 14]
[16, 17, 18, 19, 20, 21, 22, 23, 24, 25, 26, 27, 28]


5
process id 10
stats
5, 13, 7, 1000, 100000
20220628-194611
loosing coalitions taken
[1, 4, 7, 8, 15]
[1, 3, 6, 18, 27]
[1, 4, 6, 12, 19]
[1, 3, 7, 11, 20]
[1, 3, 8, 10, 19]
[1, 4, 5, 25]
[3, 5, 6, 7, 9]
[1, 2, 8, 9, 16]
[1, 2, 7, 14, 23]
[1, 2, 6, 13]
[2, 3, 4, 24, 26]
[2, 3, 5, 16, 27]
[16, 17, 18, 19, 20, 21, 22, 23, 24, 25, 26, 27, 28]


5
process id 10
stats
5, 13, 7, 1000, 100000
20220628-194630
loosing coalitions taken
[1, 4, 7, 8, 9]
[1, 3, 8, 12, 14]
[1, 4, 6, 16]
[1, 3, 7, 11, 20]
[3, 5, 6, 7, 8]
[1, 2, 5, 13, 24]
[1, 3, 5, 19]
[1, 2, 8, 10, 18]
[1, 2, 9, 11, 14]
[1, 2, 7, 15, 17]
[2, 4, 5, 14, 25]
[2, 3, 6, 9]
[16, 17, 18, 19, 20, 21, 22, 23, 24, 25, 26, 27, 28]


5
process id 13
stats
5, 10, 7, 1000, 100000
20220628-194704
loosing coalitions taken
[3, 4, 5, 10]
[1, 3, 7, 12, 19]
[2, 3, 6, 18, 21]
[1, 2, 8, 13, 17]
[1, 2, 3, 25]
[2, 5, 6, 7, 13]
[1, 4, 6, 8, 16]
[2, 4, 6, 9, 23]
[1, 5, 6, 11, 18]
[16, 17, 18, 19, 20, 21, 22, 23, 24, 25, 26, 27, 28]


5
process id 12
stats
5, 11, 7, 1000, 100000
20220628-194753
loosing coalitions taken
[1, 4, 5, 26]
[1, 2, 9, 10, 12]
[1, 2, 7, 15, 18]
[2, 4, 6, 13, 18]
[2, 3, 4, 23, 27]
[2, 3, 5, 22]
[1, 3, 7, 10, 23]
[1, 2, 6, 14]
[3, 4, 6, 7, 25]
[1, 3, 8, 9, 17]
[16, 17, 18, 19, 20, 21, 22, 23, 24, 25, 26, 27, 28]


5
process id 10
stats
5, 13, 7, 1000, 100000
20220628-195006
loosing coalitions taken
[1, 4, 6, 13, 23]
[3, 5, 6, 7, 12]
[1, 4, 5, 28]
[3, 4, 6, 14, 19]
[1, 3, 7, 11, 21]
[1, 3, 8, 9, 15]
[1, 3, 6, 25]
[1, 2, 7, 16, 20]
[1, 2, 8, 11, 12]
[2, 3, 5, 18, 23]
[2, 3, 4, 12, 27]
[2, 4, 6, 8]
[16, 17, 18, 19, 20, 21, 22, 23, 24, 25, 26, 27, 28]


5
process id 10
stats
5, 13, 7, 1000, 100000
20220628-195136
loosing coalitions taken
[3, 4, 5, 15, 27]
[1, 3, 9, 10, 11]
[1, 2, 6, 20]
[1, 3, 8, 12, 19]
[3, 4, 6, 11, 19]
[1, 3, 7, 13, 16]
[1, 4, 5, 26, 28]
[1, 4, 7, 11, 14]
[1, 3, 4, 25]
[2, 4, 5, 21, 22]
[2, 3, 5, 19]
[4, 5, 6, 7, 8]
[16, 17, 18, 19, 20, 21, 22, 23, 24, 25, 26, 27, 28]


5
process id 0
stats
5, 16, 7, 1000, 100000
20220628-195230
loosing coalitions taken
[2, 4, 6, 13, 19]
[1, 4, 5, 20, 26]
[2, 3, 5, 13, 22]
[2, 3, 6, 9, 27]
[1, 5, 6, 14, 18]
[3, 4, 5, 11, 17]
[1, 3, 7, 11, 14]
[1, 3, 6, 24]
[2, 3, 4, 26]
[1, 2, 7, 8, 28]
[1, 2, 5, 17, 27]
[1, 2, 9, 11, 12]
[1, 4, 8, 10, 12]
[2, 5, 6, 8, 11]
[1, 4, 7, 9, 16]
[16, 17, 18, 19, 20, 21, 22, 23, 24, 25, 26, 27, 28]


5
process id 11
stats
5, 12, 7, 1000, 100000
20220628-195237
loosing coalitions taken
[1, 3, 7, 10, 15]
[1, 3, 5, 25]
[1, 2, 8, 10, 19]
[2, 3, 6, 9, 13]
[1, 2, 9, 12, 14]
[2, 3, 4, 22]
[2, 5, 6, 7, 16]
[1, 2, 7, 11, 20]
[1, 4, 6, 20, 23]
[1, 4, 7, 13, 16]
[1, 2, 6, 18]
[16, 17, 18, 19, 20, 21, 22, 23, 24, 25, 26, 27, 28]


5
process id 12
stats
5, 11, 7, 1000, 100000
20220628-195309
loosing coalitions taken
[1, 3, 8, 10, 15]
[1, 2, 5, 21]
[1, 3, 7, 12, 19]
[2, 3, 6, 9, 11]
[3, 4, 5, 18, 25]
[2, 3, 4, 19]
[1, 4, 7, 10, 13]
[1, 4, 8, 9, 12]
[3, 5, 6, 7, 15]
[1, 3, 6, 28]
[16, 17, 18, 19, 20, 21, 22, 23, 24, 25, 26, 27, 28]


5
process id 10
stats
5, 13, 7, 1000, 100000
20220628-195316
loosing coalitions taken
[1, 3, 7, 8, 24]
[3, 4, 6, 9, 19]
[2, 3, 4, 22, 24]
[2, 5, 6, 8, 11]
[2, 3, 6, 15, 16]
[1, 4, 8, 10, 11]
[1, 4, 6, 20]
[2, 4, 5, 16]
[1, 3, 5, 17]
[1, 2, 8, 12, 13]
[1, 2, 7, 10, 27]
[1, 2, 9, 11, 14]
[16, 17, 18, 19, 20, 21, 22, 23, 24, 25, 26, 27, 28]


5
process id 12
stats
5, 11, 7, 1000, 100000
20220628-195349
loosing coalitions taken
[2, 4, 5, 20]
[1, 4, 6, 22]
[1, 2, 7, 12, 15]
[1, 2, 8, 9, 16]
[2, 3, 6, 9, 27]
[1, 3, 8, 11, 17]
[3, 5, 6, 7, 10]
[1, 2, 10, 11, 14]
[1, 3, 5, 18, 25]
[1, 2, 3, 19]
[16, 17, 18, 19, 20, 21, 22, 23, 24, 25, 26, 27, 28]


5
process id 11
stats
5, 12, 7, 1000, 100000
20220628-195451
loosing coalitions taken
[1, 3, 8, 12, 16]
[1, 3, 7, 11, 17]
[3, 4, 6, 8, 28]
[2, 3, 5, 18, 21]
[2, 3, 4, 27]
[1, 3, 5, 14]
[1, 4, 7, 8, 18]
[1, 4, 6, 24]
[1, 2, 7, 15, 20]
[1, 2, 10, 12, 13]
[2, 5, 6, 8, 10]
[16, 17, 18, 19, 20, 21, 22, 23, 24, 25, 26, 27, 28]


5
process id 2
stats
5, 16, 7, 1000, 100000
20220628-195528
loosing coalitions taken
[1, 4, 8, 11, 14]
[1, 2, 5, 19]
[1, 4, 7, 10, 17]
[2, 3, 4, 27, 28]
[2, 4, 6, 15, 16]
[1, 4, 6, 20]
[1, 3, 8, 12, 18]
[1, 3, 7, 9, 24]
[3, 5, 6, 7, 11]
[2, 3, 7, 8, 10]
[2, 3, 6, 12]
[3, 4, 5, 14, 25]
[1, 3, 6, 16]
[2, 3, 5, 21]
[1, 3, 4, 23]
[16, 17, 18, 19, 20, 21, 22, 23, 24, 25, 26, 27, 28]


5
process id 12
stats
5, 11, 7, 1000, 100000
20220628-195636
loosing coalitions taken
[1, 2, 9, 11, 12]
[1, 2, 8, 10, 19]
[1, 5, 6, 12, 19]
[1, 3, 6, 28]
[3, 4, 5, 19, 23]
[1, 4, 8, 9, 13]
[2, 3, 4, 16]
[1, 4, 7, 12, 15]
[1, 2, 5, 17, 27]
[1, 2, 7, 13, 18]
[16, 17, 18, 19, 20, 21, 22, 23, 24, 25, 26, 27, 28]


5
process id 10
stats
5, 13, 7, 1000, 100000
20220628-195656
loosing coalitions taken
[2, 5, 6, 8, 9]
[1, 4, 6, 19]
[2, 3, 4, 11, 18]
[1, 2, 8, 15, 16]
[1, 2, 7, 11, 22]
[2, 3, 6, 13]
[1, 3, 5, 15, 17]
[1, 3, 7, 10, 23]
[1, 3, 8, 9, 20]
[1, 2, 10, 12, 14]
[1, 2, 5, 23]
[3, 4, 5, 16]
[16, 17, 18, 19, 20, 21, 22, 23, 24, 25, 26, 27, 28]


5
process id 11
stats
5, 12, 7, 1000, 100000
20220628-195734
loosing coalitions taken
[1, 3, 5, 26]
[3, 4, 6, 9, 22]
[1, 4, 8, 12, 13]
[2, 4, 5, 22, 24]
[1, 4, 7, 9, 19]
[2, 3, 4, 19]
[1, 2, 9, 10, 12]
[1, 4, 6, 23]
[1, 2, 8, 11, 16]
[1, 2, 7, 13, 17]
[2, 5, 6, 7, 15]
[16, 17, 18, 19, 20, 21, 22, 23, 24, 25, 26, 27, 28]


5
process id 13
stats
5, 10, 7, 1000, 100000
20220628-195743
loosing coalitions taken
[2, 4, 5, 16, 21]
[1, 5, 6, 8]
[2, 3, 6, 12]
[1, 2, 7, 9, 25]
[1, 3, 4, 23, 27]
[3, 4, 5, 14]
[1, 3, 7, 16, 18]
[1, 2, 10, 11, 13]
[1, 2, 4, 19]
[16, 17, 18, 19, 20, 21, 22, 23, 24, 25, 26, 27, 28]


5
process id 11
stats
5, 12, 7, 1000, 100000
20220628-195806
loosing coalitions taken
[2, 4, 5, 9, 28]
[2, 3, 5, 13, 15]
[3, 5, 6, 7, 10]
[2, 3, 6, 12]
[1, 5, 6, 14, 16]
[1, 2, 7, 15, 19]
[1, 2, 10, 11, 13]
[1, 2, 5, 21]
[1, 4, 6, 19]
[1, 3, 7, 8]
[3, 4, 5, 14]
[16, 17, 18, 19, 20, 21, 22, 23, 24, 25, 26, 27, 28]


5
process id 13
stats
5, 10, 7, 1000, 100000
20220628-195818
loosing coalitions taken
[1, 3, 5, 20]
[2, 3, 6, 19, 21]
[2, 4, 5, 8, 13]
[1, 4, 6, 25]
[1, 2, 9, 10, 11]
[2, 5, 6, 7, 15]
[2, 3, 4, 11]
[1, 2, 8, 14, 18]
[1, 2, 7, 13, 24]
[16, 17, 18, 19, 20, 21, 22, 23, 24, 25, 26, 27, 28]


5
process id 11
stats
5, 12, 7, 1000, 100000
20220628-195830
loosing coalitions taken
[2, 3, 6, 10, 23]
[1, 4, 6, 21]
[1, 2, 8, 12, 19]
[1, 2, 10, 11, 13]
[1, 2, 7, 15, 20]
[3, 5, 6, 7, 9]
[3, 4, 5, 14, 22]
[2, 4, 5, 20]
[1, 3, 7, 11, 18]
[1, 3, 5, 19, 26]
[1, 3, 8, 10, 15]
[16, 17, 18, 19, 20, 21, 22, 23, 24, 25, 26, 27, 28]


6
process id 11
stats
5, 12, 7, 1000, 100000
20220628-195913
loosing coalitions taken
[2, 4, 6, 8, 10]
[2, 3, 5, 24]
[1, 2, 8, 12, 16]
[1, 2, 7, 9, 15]
[1, 4, 5, 23]
[1, 2, 10, 11, 14]
[1, 3, 6, 21, 26]
[1, 2, 6, 19]
[3, 4, 6, 11, 14]
[1, 3, 7, 10, 16]
[1, 3, 8, 11, 15]
[16, 17, 18, 19, 20, 21, 22, 23, 24, 25, 26, 27, 28]


5
process id 14
stats
5, 9, 7, 1000, 100000
20220628-195929
loosing coalitions taken
[2, 3, 6, 9, 10]
[2, 3, 5, 20]
[1, 3, 6, 24]
[1, 4, 5, 25]
[2, 4, 6, 12, 14]
[1, 2, 7, 11, 27]
[1, 2, 10, 12, 13]
[1, 2, 8, 9, 14]
[16, 17, 18, 19, 20, 21, 22, 23, 24, 25, 26, 27, 28]


5
process id 12
stats
5, 11, 7, 1000, 100000
20220628-200106
loosing coalitions taken
[2, 4, 5, 10, 17]
[2, 5, 6, 7, 16]
[1, 2, 9, 11, 14]
[1, 4, 6, 20]
[1, 2, 8, 10, 18]
[2, 3, 6, 17, 19]
[2, 3, 4, 26]
[1, 2, 7, 12, 21]
[1, 2, 5, 28]
[1, 3, 7, 14, 22]
[16, 17, 18, 19, 20, 21, 22, 23, 24, 25, 26, 27, 28]


5
process id 12
stats
5, 11, 7, 1000, 100000
20220628-200128
loosing coalitions taken
[1, 2, 7, 9]
[3, 4, 5, 7, 20]
[1, 4, 6, 14, 24]
[2, 4, 5, 19, 22]
[1, 4, 8, 10, 13]
[1, 4, 5, 16]
[1, 3, 8, 11, 14]
[2, 4, 6, 10, 21]
[1, 3, 6, 12, 28]
[2, 3, 5, 21]
[16, 17, 18, 19, 20, 21, 22, 23, 24, 25, 26, 27, 28]


5
process id 13
stats
5, 10, 7, 1000, 100000
20220628-200152
loosing coalitions taken
[1, 4, 6, 12]
[1, 2, 5, 16, 22]
[2, 3, 6, 11, 24]
[3, 4, 5, 20, 21]
[2, 3, 5, 25]
[1, 2, 8, 14, 15]
[1, 2, 7, 10, 17]
[1, 3, 7, 13, 18]
[1, 3, 9, 10, 11]
[16, 17, 18, 19, 20, 21, 22, 23, 24, 25, 26, 27, 28]


5
process id 10
stats
5, 13, 7, 1000, 100000
20220628-200229
loosing coalitions taken
[1, 4, 7, 12, 16]
[3, 5, 6, 7, 13]
[1, 5, 6, 9, 22]
[1, 4, 5, 25]
[2, 3, 5, 22]
[1, 2, 7, 9, 20]
[1, 3, 6, 18, 28]
[1, 3, 7, 10, 23]
[1, 3, 8, 12, 15]
[1, 2, 10, 11, 14]
[1, 2, 6, 24]
[3, 4, 6, 14, 20]
[16, 17, 18, 19, 20, 21, 22, 23, 24, 25, 26, 27, 28]


5
process id 10
stats
5, 13, 7, 1000, 100000
20220628-200247
loosing coalitions taken
[2, 3, 6, 13]
[1, 2, 7, 9, 25]
[1, 2, 8, 15, 17]
[1, 3, 7, 10, 15]
[1, 4, 6, 14, 28]
[1, 4, 7, 8]
[1, 2, 5, 18, 20]
[1, 5, 6, 12, 21]
[3, 4, 5, 17, 22]
[2, 4, 5, 9]
[1, 3, 5, 11]
[1, 2, 10, 12, 14]
[16, 17, 18, 19, 20, 21, 22, 23, 24, 25, 26, 27, 28]


5
process id 15
stats
5, 8, 7, 1000, 100000
20220628-200250
loosing coalitions taken
[1, 4, 5, 23]
[1, 2, 7, 11, 16]
[2, 3, 5, 22]
[1, 3, 8, 12, 18]
[1, 2, 6, 28]
[3, 4, 6, 8]
[1, 3, 7, 9, 10]
[16, 17, 18, 19, 20, 21, 22, 23, 24, 25, 26, 27, 28]


5
process id 15
stats
5, 8, 7, 1000, 100000
20220628-200300
loosing coalitions taken
[1, 4, 5, 22]
[1, 3, 6, 25]
[1, 2, 9, 11, 12]
[2, 3, 5, 23]
[1, 2, 7, 15, 18]
[2, 4, 6, 7]
[1, 2, 8, 13, 14]
[16, 17, 18, 19, 20, 21, 22, 23, 24, 25, 26, 27, 28]


5
process id 14
stats
5, 9, 7, 1000, 100000
20220628-200313
loosing coalitions taken
[2, 3, 6, 9, 25]
[1, 5, 6, 15, 17]
[1, 2, 6, 14, 16]
[1, 2, 7, 12, 24]
[1, 2, 8, 9, 22]
[2, 4, 5, 20]
[1, 3, 6, 21, 26]
[1, 3, 8, 10, 19]
[16, 17, 18, 19, 20, 21, 22, 23, 24, 25, 26, 27, 28]


5
process id 13
stats
5, 10, 7, 1000, 100000
20220628-200323
loosing coalitions taken
[1, 3, 5, 10, 26]
[2, 3, 6, 11]
[1, 4, 6, 23]
[2, 4, 5, 21, 28]
[3, 4, 5, 12, 16]
[1, 3, 8, 12, 19]
[1, 2, 7, 12, 26]
[1, 2, 5, 17]
[1, 3, 7, 14, 20]
[16, 17, 18, 19, 20, 21, 22, 23, 24, 25, 26, 27, 28]


5
process id 12
stats
5, 11, 7, 1000, 100000
20220628-200341
loosing coalitions taken
[3, 4, 5, 21, 23]
[1, 4, 6, 26]
[2, 3, 6, 10, 13]
[2, 3, 4, 27, 28]
[1, 3, 7, 8, 21]
[3, 5, 6, 7, 9]
[2, 3, 5, 15, 22]
[1, 2, 9, 11, 14]
[1, 3, 5, 12]
[2, 4, 5, 19]
[16, 17, 18, 19, 20, 21, 22, 23, 24, 25, 26, 27, 28]


5
process id 9
stats
5, 14, 7, 1000, 100000
20220628-200426
loosing coalitions taken
[2, 4, 5, 21, 24]
[1, 2, 4, 23, 28]
[1, 2, 8, 13, 17]
[1, 2, 7, 15, 20]
[3, 4, 5, 12, 28]
[1, 3, 7, 12, 14]
[1, 3, 5, 22]
[2, 3, 4, 11, 26]
[2, 3, 6, 17, 21]
[1, 2, 9, 10, 14]
[2, 5, 6, 7, 12]
[1, 4, 6, 16]
[2, 3, 7, 8, 9]
[16, 17, 18, 19, 20, 21, 22, 23, 24, 25, 26, 27, 28]


5
process id 14
stats
5, 9, 7, 1000, 100000
20220628-200531
loosing coalitions taken
[2, 4, 6, 14, 22]
[1, 5, 6, 13, 15]
[2, 3, 5, 21]
[1, 3, 4, 28]
[1, 2, 7, 12, 19]
[1, 2, 8, 10, 20]
[1, 2, 9, 11, 13]
[1, 2, 6, 16]
[16, 17, 18, 19, 20, 21, 22, 23, 24, 25, 26, 27, 28]


5
process id 12
stats
5, 11, 7, 1000, 100000
20220628-200532
loosing coalitions taken
[2, 3, 6, 14, 27]
[1, 3, 7, 8]
[3, 4, 5, 15]
[1, 5, 6, 13, 23]
[1, 2, 5, 22, 28]
[1, 2, 4, 9, 17]
[1, 2, 10, 11, 12]
[1, 4, 6, 24, 26]
[2, 4, 6, 11, 22]
[1, 2, 6, 18]
[16, 17, 18, 19, 20, 21, 22, 23, 24, 25, 26, 27, 28]


5
process id 10
stats
5, 13, 7, 1000, 100000
20220628-200555
loosing coalitions taken
[3, 4, 6, 12, 18]
[2, 4, 6, 9, 25]
[1, 4, 5, 11, 18]
[1, 2, 8, 11, 20]
[1, 2, 5, 22]
[1, 4, 8, 12, 13]
[3, 4, 5, 17, 24]
[2, 3, 4, 16]
[1, 4, 7, 10, 19]
[1, 3, 6, 17, 28]
[1, 4, 6, 26]
[1, 3, 7, 9, 13]
[16, 17, 18, 19, 20, 21, 22, 23, 24, 25, 26, 27, 28]


5
process id 10
stats
5, 13, 7, 1000, 100000
20220628-200616
loosing coalitions taken
[1, 2, 8, 11, 15]
[2, 4, 6, 15, 21]
[2, 3, 4, 28]
[1, 4, 8, 12, 13]
[1, 4, 5, 17, 23]
[1, 4, 6, 27]
[1, 3, 5, 15, 18]
[1, 3, 8, 9, 10]
[1, 2, 7, 10, 12]
[1, 2, 5, 24, 25]
[1, 3, 7, 11, 19]
[3, 5, 6, 7, 9]
[16, 17, 18, 19, 20, 21, 22, 23, 24, 25, 26, 27, 28]


5
process id 12
stats
5, 11, 7, 1000, 100000
20220628-200623
loosing coalitions taken
[2, 3, 6, 12, 13]
[1, 2, 7, 11, 16]
[1, 2, 8, 13, 17]
[1, 4, 6, 19]
[1, 3, 8, 10, 18]
[1, 2, 5, 20]
[1, 3, 7, 13, 15]
[3, 5, 6, 7, 11]
[2, 3, 4, 23, 25]
[3, 4, 5, 14]
[16, 17, 18, 19, 20, 21, 22, 23, 24, 25, 26, 27, 28]


5
process id 14
stats
5, 9, 7, 1000, 100000
20220628-200745
loosing coalitions taken
[1, 3, 5, 25]
[2, 3, 6, 10]
[1, 4, 7, 10, 18]
[1, 4, 6, 16, 21]
[1, 4, 8, 12, 13]
[2, 4, 5, 20]
[1, 2, 8, 9, 15]
[1, 2, 7, 11, 23]
[16, 17, 18, 19, 20, 21, 22, 23, 24, 25, 26, 27, 28]


5
process id 11
stats
5, 12, 7, 1000, 100000
20220628-200843
loosing coalitions taken
[1, 5, 6, 9, 24]
[1, 2, 3, 9, 28]
[1, 3, 5, 16]
[2, 3, 4, 26]
[2, 5, 6, 7, 14]
[1, 2, 8, 14, 17]
[1, 2, 10, 11, 12]
[1, 2, 7, 13, 15]
[1, 2, 6, 25]
[1, 4, 8, 9, 12]
[1, 4, 7, 10, 14]
[16, 17, 18, 19, 20, 21, 22, 23, 24, 25, 26, 27, 28]


5
process id 13
stats
5, 10, 7, 1000, 100000
20220628-200855
loosing coalitions taken
[2, 3, 6, 14]
[1, 4, 6, 23]
[1, 2, 7, 12, 26]
[2, 4, 5, 16]
[1, 2, 8, 13, 19]
[1, 3, 5, 20, 21]
[1, 2, 9, 10, 11]
[1, 3, 8, 10, 15]
[1, 3, 7, 9, 19]
[16, 17, 18, 19, 20, 21, 22, 23, 24, 25, 26, 27, 28]


5
process id 5
stats
5, 15, 7, 1000, 100000
20220628-200927
loosing coalitions taken
[2, 3, 4, 9, 26]
[3, 4, 5, 16, 23]
[2, 3, 5, 8, 14]
[1, 3, 7, 14, 18]
[2, 4, 6, 14, 18]
[1, 4, 8, 9, 14]
[1, 4, 7, 10, 15]
[1, 4, 5, 25]
[1, 2, 7, 11, 26]
[1, 2, 9, 10, 13]
[1, 2, 8, 12, 15]
[1, 2, 6, 24]
[3, 4, 6, 7, 19]
[1, 3, 8, 11, 13]
[16, 17, 18, 19, 20, 21, 22, 23, 24, 25, 26, 27, 28]


5
process id 9
stats
5, 14, 7, 1000, 100000
20220628-201003
loosing coalitions taken
[2, 3, 5, 21, 26]
[2, 3, 4, 18, 20]
[2, 4, 6, 11, 15]
[2, 5, 6, 7, 14]
[1, 2, 7, 10, 23]
[1, 2, 8, 11, 21]
[1, 2, 6, 27]
[3, 4, 6, 9, 22]
[1, 3, 8, 9, 19]
[1, 3, 7, 13, 20]
[2, 4, 5, 10]
[1, 3, 5, 28]
[1, 4, 7, 8, 22]
[16, 17, 18, 19, 20, 21, 22, 23, 24, 25, 26, 27, 28]


5
process id 13
stats
5, 10, 7, 1000, 100000
20220628-201229
loosing coalitions taken
[1, 4, 5, 28]
[1, 2, 8, 11, 15]
[2, 3, 4, 8, 25]
[2, 3, 5, 22]
[1, 2, 7, 17, 18]
[2, 4, 6, 9, 11]
[1, 2, 9, 12, 13]
[1, 2, 6, 25]
[1, 3, 7, 12, 16]
[16, 17, 18, 19, 20, 21, 22, 23, 24, 25, 26, 27, 28]


5
process id 13
stats
5, 10, 7, 1000, 100000
20220628-201407
loosing coalitions taken
[1, 2, 8, 14, 16]
[2, 3, 6, 10]
[2, 4, 5, 9, 11]
[1, 2, 7, 9]
[1, 3, 5, 13, 14]
[3, 4, 5, 16]
[1, 4, 6, 21, 28]
[1, 3, 8, 11, 15]
[1, 5, 6, 12, 23]
[16, 17, 18, 19, 20, 21, 22, 23, 24, 25, 26, 27, 28]


5
process id 13
stats
5, 10, 7, 1000, 100000
20220628-201500
loosing coalitions taken
[2, 4, 6, 10, 22]
[1, 4, 7, 13, 16]
[1, 3, 6, 26]
[2, 3, 4, 27]
[1, 4, 8, 10, 11]
[1, 4, 5, 19]
[1, 2, 7, 12, 25]
[1, 2, 8, 9, 15]
[2, 5, 6, 7, 11]
[16, 17, 18, 19, 20, 21, 22, 23, 24, 25, 26, 27, 28]


5
process id 14
stats
5, 9, 7, 1000, 100000
20220628-201504
loosing coalitions taken
[1, 4, 5, 22]
[3, 4, 6, 14, 18]
[1, 2, 7, 12, 20]
[2, 3, 5, 23]
[1, 3, 6, 16, 19]
[1, 2, 8, 11, 16]
[2, 4, 6, 8]
[1, 3, 8, 9, 13]
[16, 17, 18, 19, 20, 21, 22, 23, 24, 25, 26, 27, 28]


5
process id 13
stats
5, 10, 7, 1000, 100000
20220628-201512
loosing coalitions taken
[1, 4, 6, 28]
[2, 3, 6, 14, 22]
[1, 3, 8, 10, 14]
[2, 4, 5, 16]
[3, 5, 6, 7, 10]
[1, 3, 5, 21]
[2, 3, 7, 8, 9]
[1, 2, 8, 12, 19]
[1, 2, 10, 11, 13]
[16, 17, 18, 19, 20, 21, 22, 23, 24, 25, 26, 27, 28]


5
process id 12
stats
5, 11, 7, 1000, 100000
20220628-201626
loosing coalitions taken
[2, 3, 6, 14]
[2, 4, 5, 16, 22]
[1, 5, 6, 11, 17]
[1, 3, 8, 11, 18]
[1, 2, 7, 9, 20]
[1, 3, 7, 12, 16]
[1, 2, 8, 10, 21]
[1, 3, 4, 21, 24]
[1, 2, 4, 17]
[3, 4, 5, 15]
[16, 17, 18, 19, 20, 21, 22, 23, 24, 25, 26, 27, 28]


5
process id 11
stats
5, 12, 7, 1000, 100000
20220628-201843
loosing coalitions taken
[1, 2, 7, 15, 16]
[2, 3, 6, 9]
[1, 3, 5, 18, 27]
[1, 2, 10, 12, 14]
[1, 5, 6, 7, 13]
[1, 3, 8, 12, 13]
[1, 3, 7, 14, 19]
[1, 4, 6, 18]
[1, 2, 8, 11, 21]
[3, 4, 5, 14]
[1, 2, 5, 20]
[16, 17, 18, 19, 20, 21, 22, 23, 24, 25, 26, 27, 28]


5
process id 10
stats
5, 13, 7, 1000, 100000
20220628-202108
loosing coalitions taken
[3, 4, 5, 14]
[2, 3, 6, 15, 26]
[1, 3, 9, 10, 12]
[1, 3, 6, 24, 25]
[1, 3, 7, 16, 18]
[1, 4, 6, 22]
[2, 3, 7, 8, 9]
[1, 3, 8, 11, 19]
[1, 2, 5, 18, 19]
[1, 2, 3, 17, 28]
[1, 2, 10, 11, 14]
[1, 2, 8, 15, 16]
[16, 17, 18, 19, 20, 21, 22, 23, 24, 25, 26, 27, 28]


5
process id 12
stats
5, 11, 7, 1000, 100000
20220628-202147
loosing coalitions taken
[1, 4, 7, 8]
[1, 2, 9, 11, 12]
[1, 2, 5, 20, 23]
[3, 4, 5, 14]
[2, 4, 6, 13, 19]
[1, 3, 6, 22, 27]
[1, 2, 3, 10, 26]
[1, 5, 6, 9, 21]
[1, 2, 6, 24, 28]
[2, 3, 6, 18, 20]
[16, 17, 18, 19, 20, 21, 22, 23, 24, 25, 26, 27, 28]


5
process id 3
stats
5, 16, 7, 1000, 100000
20220628-202243
loosing coalitions taken
[1, 2, 8, 11, 17]
[3, 4, 5, 15, 21]
[1, 4, 5, 16]
[2, 3, 4, 19, 27]
[1, 2, 7, 13, 22]
[1, 2, 9, 10, 14]
[2, 5, 6, 8, 12]
[2, 4, 6, 11, 24]
[2, 3, 7, 8, 9]
[2, 3, 5, 11]
[1, 3, 6, 23, 25]
[3, 4, 6, 12, 13]
[1, 2, 6, 27]
[1, 3, 7, 10, 20]
[1, 3, 8, 14, 15]
[16, 17, 18, 19, 20, 21, 22, 23, 24, 25, 26, 27, 28]


5
process id 12
stats
5, 11, 7, 1000, 100000
20220628-202244
loosing coalitions taken
[2, 3, 6, 9]
[3, 4, 5, 20, 23]
[1, 5, 6, 11, 16]
[1, 3, 7, 13, 20]
[1, 4, 6, 25]
[1, 2, 5, 10, 12]
[1, 3, 5, 27]
[1, 2, 8, 13, 19]
[2, 4, 5, 19]
[1, 2, 7, 11, 15]
[16, 17, 18, 19, 20, 21, 22, 23, 24, 25, 26, 27, 28]


5
process id 12
stats
5, 11, 7, 1000, 100000
20220628-202255
loosing coalitions taken
[1, 4, 5, 11]
[2, 3, 5, 14]
[1, 2, 7, 16, 18]
[2, 4, 6, 10, 24]
[1, 2, 9, 10, 12]
[3, 4, 6, 9, 20]
[1, 3, 7, 13, 15]
[1, 3, 8, 10, 18]
[1, 3, 6, 21]
[1, 2, 8, 13, 17]
[16, 17, 18, 19, 20, 21, 22, 23, 24, 25, 26, 27, 28]


5
process id 9
stats
5, 14, 7, 1000, 100000
20220628-202358
loosing coalitions taken
[3, 4, 6, 12, 16]
[1, 3, 7, 11, 16]
[2, 3, 5, 9, 14]
[2, 3, 4, 28]
[1, 2, 6, 22, 23]
[1, 2, 8, 13, 14]
[1, 3, 6, 13, 20]
[1, 2, 9, 10, 11]
[1, 3, 8, 10, 12]
[1, 4, 5, 11, 22]
[1, 2, 5, 27]
[1, 4, 7, 8, 25]
[1, 4, 6, 18]
[16, 17, 18, 19, 20, 21, 22, 23, 24, 25, 26, 27, 28]


5
process id 12
stats
5, 11, 7, 1000, 100000
20220628-202459
loosing coalitions taken
[2, 4, 5, 16, 19]
[2, 3, 6, 13]
[1, 5, 6, 15, 17]
[1, 2, 7, 11, 23]
[1, 3, 8, 11, 14]
[1, 2, 8, 9, 20]
[1, 3, 7, 9, 10]
[1, 2, 10, 12, 14]
[1, 4, 6, 16, 27]
[3, 4, 5, 18, 27]
[16, 17, 18, 19, 20, 21, 22, 23, 24, 25, 26, 27, 28]


5
process id 11
stats
5, 12, 7, 1000, 100000
20220628-202531
loosing coalitions taken
[1, 3, 7, 12, 19]
[1, 3, 8, 9, 20]
[1, 3, 4, 13, 26]
[1, 4, 6, 24]
[2, 3, 6, 14, 23]
[2, 3, 4, 21]
[1, 2, 8, 12, 15]
[1, 3, 5, 16]
[2, 5, 6, 7, 12]
[1, 2, 9, 11, 13]
[1, 2, 7, 14, 20]
[16, 17, 18, 19, 20, 21, 22, 23, 24, 25, 26, 27, 28]


5
process id 13
stats
5, 10, 7, 1000, 100000
20220628-202550
loosing coalitions taken
[1, 3, 7, 14, 16]
[1, 4, 5, 24]
[3, 4, 6, 8, 23]
[2, 3, 5, 22]
[1, 2, 6, 15, 20]
[1, 3, 6, 13, 19]
[2, 4, 6, 7]
[1, 2, 8, 12, 19]
[1, 2, 9, 11, 13]
[16, 17, 18, 19, 20, 21, 22, 23, 24, 25, 26, 27, 28]


5
process id 1
stats
5, 16, 7, 1000, 100000
20220628-202614
loosing coalitions taken
[1, 5, 6, 10, 26]
[2, 3, 6, 11, 23]
[3, 5, 6, 7, 14]
[1, 2, 6, 17, 22]
[2, 4, 6, 12, 20]
[1, 2, 7, 10, 18]
[1, 2, 9, 11, 13]
[1, 2, 8, 12, 16]
[1, 2, 5, 20]
[2, 3, 7, 8, 9]
[2, 3, 4, 13, 27]
[1, 4, 6, 21]
[3, 4, 5, 15, 16]
[1, 3, 7, 11, 15]
[1, 3, 9, 10, 12]
[16, 17, 18, 19, 20, 21, 22, 23, 24, 25, 26, 27, 28]


5
process id 12
stats
5, 11, 7, 1000, 100000
20220628-202617
loosing coalitions taken
[2, 3, 5, 21]
[1, 3, 8, 9, 18]
[1, 4, 5, 27]
[3, 4, 6, 7, 28]
[1, 3, 7, 11, 16]
[1, 2, 6, 8, 22]
[1, 3, 6, 20]
[1, 2, 7, 12, 14]
[2, 4, 6, 12, 18]
[1, 2, 9, 11, 13]
[16, 17, 18, 19, 20, 21, 22, 23, 24, 25, 26, 27, 28]


5
process id 11
stats
5, 12, 7, 1000, 100000
20220628-202653
loosing coalitions taken
[1, 4, 5, 16]
[2, 4, 6, 11, 21]
[1, 2, 8, 9, 17]
[1, 2, 6, 28]
[1, 3, 7, 14, 20]
[1, 3, 8, 11, 13]
[1, 3, 9, 10, 12]
[3, 5, 6, 7, 15]
[2, 3, 5, 17, 23]
[2, 3, 4, 12, 26]
[3, 4, 6, 9, 20]
[16, 17, 18, 19, 20, 21, 22, 23, 24, 25, 26, 27, 28]


5
process id 13
stats
5, 10, 7, 1000, 100000
20220628-202733
loosing coalitions taken
[1, 4, 6, 26, 27]
[2, 3, 6, 13]
[1, 3, 5, 24]
[1, 2, 7, 15, 19]
[1, 4, 7, 12, 14]
[1, 2, 8, 11, 18]
[2, 4, 5, 15, 23]
[1, 2, 4, 17, 22]
[1, 2, 9, 10, 14]
[16, 17, 18, 19, 20, 21, 22, 23, 24, 25, 26, 27, 28]


6
process id 9
stats
5, 14, 7, 1000, 100000
20220628-202854
loosing coalitions taken
[1, 3, 6, 25]
[2, 3, 4, 14, 26]
[2, 3, 7, 8, 10]
[1, 4, 7, 9, 18]
[3, 4, 5, 17, 24]
[1, 4, 8, 12, 14]
[2, 4, 6, 11, 23]
[2, 4, 5, 18, 27]
[1, 2, 9, 10, 14]
[1, 4, 5, 28]
[2, 5, 6, 7, 14]
[2, 3, 5, 23]
[1, 2, 8, 13, 19]
[16, 17, 18, 19, 20, 21, 22, 23, 24, 25, 26, 27, 28]


5
process id 14
stats
5, 9, 7, 1000, 100000
20220628-202955
loosing coalitions taken
[1, 2, 7, 14, 17]
[2, 3, 6, 11]
[3, 4, 5, 18, 19]
[1, 3, 8, 15, 16]
[1, 4, 5, 9, 13]
[2, 4, 5, 14]
[1, 4, 6, 23, 28]
[1, 3, 5, 24]
[16, 17, 18, 19, 20, 21, 22, 23, 24, 25, 26, 27, 28]


5
process id 11
stats
5, 12, 7, 1000, 100000
20220628-203025
loosing coalitions taken
[1, 3, 7, 9, 17]
[1, 3, 8, 15, 16]
[1, 4, 6, 16]
[2, 3, 6, 8, 11]
[1, 2, 3, 27, 28]
[2, 3, 4, 22]
[1, 2, 5, 21, 23]
[1, 3, 5, 26]
[1, 2, 9, 10, 11]
[1, 2, 8, 13, 18]
[1, 2, 7, 15, 19]
[16, 17, 18, 19, 20, 21, 22, 23, 24, 25, 26, 27, 28]


5
process id 13
stats
5, 10, 7, 1000, 100000
20220628-203049
loosing coalitions taken
[2, 3, 6, 9]
[1, 3, 7, 14, 18]
[1, 4, 6, 7, 20]
[1, 4, 8, 10, 14]
[3, 4, 5, 10, 17]
[1, 3, 4, 15]
[2, 4, 5, 16]
[1, 5, 6, 12, 17]
[1, 2, 7, 11, 13]
[16, 17, 18, 19, 20, 21, 22, 23, 24, 25, 26, 27, 28]


5
process id 10
stats
5, 13, 7, 1000, 100000
20220628-203231
loosing coalitions taken
[1, 3, 7, 10, 16]
[1, 4, 7, 11, 15]
[1, 4, 5, 13]
[2, 5, 6, 7, 11]
[1, 2, 7, 9, 25]
[1, 2, 10, 11, 14]
[1, 3, 8, 14, 15]
[1, 3, 6, 21]
[2, 3, 5, 17, 27]
[1, 2, 8, 12, 17]
[2, 3, 4, 23, 28]
[2, 4, 6, 16, 19]
[16, 17, 18, 19, 20, 21, 22, 23, 24, 25, 26, 27, 28]


5
process id 10
stats
5, 13, 7, 1000, 100000
20220628-203254
loosing coalitions taken
[3, 4, 6, 12, 14]
[1, 4, 6, 26]
[2, 4, 5, 12, 25]
[1, 2, 7, 16, 21]
[1, 2, 8, 12, 17]
[1, 2, 9, 10, 11]
[1, 3, 7, 13, 18]
[1, 2, 5, 28]
[3, 4, 5, 11, 16]
[2, 3, 4, 27]
[3, 5, 6, 7, 8]
[1, 3, 8, 11, 19]
[16, 17, 18, 19, 20, 21, 22, 23, 24, 25, 26, 27, 28]


5
process id 14
stats
5, 9, 7, 1000, 100000
20220628-203328
loosing coalitions taken
[1, 3, 7, 15, 16]
[1, 4, 6, 19]
[2, 3, 4, 28]
[2, 5, 6, 8, 11]
[1, 2, 8, 9, 15]
[1, 2, 7, 10, 25]
[1, 2, 5, 24]
[1, 3, 9, 10, 11]
[16, 17, 18, 19, 20, 21, 22, 23, 24, 25, 26, 27, 28]


5
process id 14
stats
5, 9, 7, 1000, 100000
20220628-203413
loosing coalitions taken
[2, 3, 6, 11]
[3, 4, 5, 12]
[1, 3, 8, 13, 14]
[1, 4, 6, 28]
[1, 2, 5, 22, 23]
[1, 2, 7, 12, 14]
[1, 2, 8, 9, 17]
[1, 3, 7, 15, 21]
[16, 17, 18, 19, 20, 21, 22, 23, 24, 25, 26, 27, 28]


5
process id 13
stats
5, 10, 7, 1000, 100000
20220628-203514
loosing coalitions taken
[1, 3, 8, 12, 15]
[2, 3, 6, 9]
[3, 4, 5, 16, 28]
[2, 4, 5, 18]
[1, 2, 7, 10, 24]
[1, 4, 6, 26]
[1, 3, 5, 21, 22]
[1, 3, 7, 11, 19]
[1, 2, 8, 13, 20]
[16, 17, 18, 19, 20, 21, 22, 23, 24, 25, 26, 27, 28]


5
process id 11
stats
5, 12, 7, 1000, 100000
20220628-203545
loosing coalitions taken
[3, 4, 6, 14, 17]
[1, 3, 8, 13, 16]
[2, 3, 4, 11]
[1, 4, 8, 9, 15]
[1, 4, 6, 10, 28]
[1, 2, 6, 24]
[1, 3, 9, 10, 12]
[1, 3, 7, 14, 20]
[1, 3, 5, 26]
[1, 4, 7, 12, 16]
[4, 5, 6, 7, 8]
[16, 17, 18, 19, 20, 21, 22, 23, 24, 25, 26, 27, 28]


5
process id 11
stats
5, 12, 7, 1000, 100000
20220628-203604
loosing coalitions taken
[1, 2, 7, 15, 20]
[1, 2, 9, 10, 13]
[1, 4, 5, 28]
[1, 3, 7, 14, 19]
[1, 3, 8, 9, 15]
[2, 4, 6, 14, 15]
[3, 4, 6, 7, 10]
[2, 3, 4, 26]
[1, 3, 6, 13]
[2, 5, 6, 8, 12]
[1, 2, 8, 14, 18]
[16, 17, 18, 19, 20, 21, 22, 23, 24, 25, 26, 27, 28]


5
process id 13
stats
5, 10, 7, 1000, 100000
20220628-203626
loosing coalitions taken
[2, 3, 6, 9, 15]
[1, 4, 6, 15]
[1, 2, 8, 12, 20]
[1, 2, 7, 10, 14]
[1, 2, 9, 11, 13]
[2, 4, 5, 17, 28]
[2, 3, 4, 24]
[1, 3, 5, 23]
[2, 5, 6, 7, 8]
[16, 17, 18, 19, 20, 21, 22, 23, 24, 25, 26, 27, 28]


5
process id 11
stats
5, 12, 7, 1000, 100000
20220628-203709
loosing coalitions taken
[2, 3, 6, 11]
[1, 2, 8, 9, 20]
[1, 3, 5, 13, 25]
[1, 2, 10, 12, 13]
[1, 3, 4, 10, 18]
[1, 4, 7, 8, 27]
[1, 4, 6, 25]
[1, 3, 7, 14, 19]
[1, 2, 7, 16, 18]
[1, 2, 5, 28]
[3, 4, 5, 14, 22]
[16, 17, 18, 19, 20, 21, 22, 23, 24, 25, 26, 27, 28]


5
process id 13
stats
5, 10, 7, 1000, 100000
20220628-203713
loosing coalitions taken
[1, 5, 6, 8, 12]
[2, 3, 5, 20]
[3, 4, 6, 15, 17]
[1, 3, 7, 8, 28]
[1, 3, 6, 24]
[1, 4, 5, 25]
[1, 2, 7, 10, 27]
[2, 4, 6, 7, 14]
[1, 2, 9, 11, 13]
[16, 17, 18, 19, 20, 21, 22, 23, 24, 25, 26, 27, 28]


5
process id 10
stats
5, 13, 7, 1000, 100000
20220628-203719
loosing coalitions taken
[2, 3, 5, 8, 10]
[2, 4, 6, 15, 18]
[2, 3, 6, 16, 17]
[1, 2, 10, 11, 12]
[3, 5, 6, 7, 9]
[1, 2, 7, 9]
[2, 4, 5, 17]
[1, 5, 6, 12, 22]
[1, 3, 5, 20]
[1, 4, 6, 24, 28]
[3, 4, 6, 10, 19]
[1, 4, 8, 10, 13]
[16, 17, 18, 19, 20, 21, 22, 23, 24, 25, 26, 27, 28]


5
process id 11
stats
5, 12, 7, 1000, 100000
20220628-203720
loosing coalitions taken
[1, 2, 7, 9, 12]
[2, 3, 6, 17, 21]
[3, 4, 5, 13, 15]
[2, 5, 6, 8, 11]
[1, 3, 7, 14, 17]
[2, 3, 5, 10]
[1, 2, 8, 13, 15]
[1, 3, 8, 11, 16]
[1, 2, 6, 14, 26]
[1, 4, 6, 25, 28]
[1, 4, 5, 17]
[16, 17, 18, 19, 20, 21, 22, 23, 24, 25, 26, 27, 28]


5
process id 11
stats
5, 12, 7, 1000, 100000
20220628-203739
loosing coalitions taken
[2, 3, 6, 14]
[1, 3, 7, 13, 17]
[1, 4, 6, 18, 28]
[2, 4, 5, 12, 25]
[1, 2, 5, 15, 22]
[1, 5, 6, 9, 26]
[1, 2, 8, 12, 18]
[1, 2, 7, 9]
[1, 4, 8, 10, 13]
[3, 4, 5, 11, 20]
[1, 3, 5, 24]
[16, 17, 18, 19, 20, 21, 22, 23, 24, 25, 26, 27, 28]


5
process id 9
stats
5, 14, 7, 1000, 100000
20220628-203906
loosing coalitions taken
[1, 3, 7, 9, 17]
[3, 5, 6, 7, 14]
[1, 2, 9, 12, 14]
[1, 3, 8, 11, 12]
[1, 5, 6, 10, 23]
[2, 4, 6, 11, 15]
[1, 2, 6, 24]
[2, 3, 5, 11, 16]
[2, 4, 5, 22, 23]
[1, 3, 5, 27]
[1, 4, 7, 12, 16]
[3, 4, 6, 13, 20]
[1, 4, 8, 10, 14]
[16, 17, 18, 19, 20, 21, 22, 23, 24, 25, 26, 27, 28]


5
process id 11
stats
5, 12, 7, 1000, 100000
20220628-203937
loosing coalitions taken
[1, 4, 6, 27]
[1, 3, 8, 11, 19]
[3, 4, 5, 8, 15]
[2, 3, 4, 17]
[1, 3, 7, 10, 22]
[3, 5, 6, 7, 9]
[1, 3, 5, 28]
[1, 2, 7, 12, 25]
[1, 2, 8, 13, 16]
[1, 2, 9, 11, 14]
[2, 5, 6, 8, 10]
[16, 17, 18, 19, 20, 21, 22, 23, 24, 25, 26, 27, 28]


5
process id 15
stats
5, 8, 7, 1000, 100000
20220628-204007
loosing coalitions taken
[2, 3, 6, 14]
[1, 4, 6, 22]
[1, 2, 7, 12, 26]
[2, 4, 5, 9]
[1, 3, 5, 19, 24]
[1, 2, 8, 10, 13]
[1, 3, 7, 13, 17]
[16, 17, 18, 19, 20, 21, 22, 23, 24, 25, 26, 27, 28]


5
process id 11
stats
5, 12, 7, 1000, 100000
20220628-204056
loosing coalitions taken
[2, 4, 5, 7, 12]
[1, 4, 6, 21]
[1, 2, 7, 15, 22]
[1, 3, 7, 10, 16]
[1, 2, 10, 11, 12]
[2, 3, 5, 22, 28]
[1, 3, 5, 18]
[2, 3, 6, 9, 12]
[2, 3, 4, 19]
[2, 5, 6, 8, 11]
[1, 2, 8, 13, 16]
[16, 17, 18, 19, 20, 21, 22, 23, 24, 25, 26, 27, 28]


5
process id 11
stats
5, 12, 7, 1000, 100000
20220628-204108
loosing coalitions taken
[1, 3, 8, 11, 16]
[1, 3, 5, 24, 28]
[2, 4, 6, 9, 24]
[2, 3, 6, 11]
[1, 4, 6, 23]
[3, 4, 5, 10]
[1, 3, 7, 14, 18]
[1, 2, 5, 16, 27]
[1, 2, 7, 13, 24]
[1, 2, 9, 10, 14]
[1, 2, 8, 12, 20]
[16, 17, 18, 19, 20, 21, 22, 23, 24, 25, 26, 27, 28]


5
process id 15
stats
5, 8, 7, 1000, 100000
20220628-204111
loosing coalitions taken
[1, 4, 6, 27, 28]
[1, 2, 8, 12, 20]
[2, 3, 6, 14]
[1, 3, 7, 13, 22]
[3, 4, 5, 15, 17]
[1, 2, 5, 22]
[1, 3, 4, 23]
[16, 17, 18, 19, 20, 21, 22, 23, 24, 25, 26, 27, 28]


5
process id 10
stats
5, 13, 7, 1000, 100000
20220628-204207
loosing coalitions taken
[2, 4, 5, 15, 18]
[1, 2, 7, 9, 17]
[2, 3, 6, 8, 13]
[1, 2, 8, 14, 15]
[1, 2, 10, 11, 13]
[2, 5, 6, 7, 10]
[2, 3, 4, 26]
[1, 2, 6, 23]
[1, 4, 7, 8, 27]
[1, 4, 5, 25]
[1, 3, 8, 12, 17]
[1, 3, 7, 10, 18]
[16, 17, 18, 19, 20, 21, 22, 23, 24, 25, 26, 27, 28]


6
process id 5
stats
5, 15, 7, 1000, 100000
20220628-204242
loosing coalitions taken
[3, 4, 5, 11, 18]
[1, 4, 7, 11, 14]
[1, 4, 8, 10, 12]
[1, 3, 6, 13, 27]
[1, 4, 6, 17]
[2, 3, 4, 28]
[1, 3, 7, 15, 20]
[1, 3, 8, 11, 19]
[1, 2, 5, 18, 22]
[3, 5, 6, 7, 10]
[1, 3, 5, 26]
[1, 2, 9, 10, 14]
[1, 2, 7, 16, 19]
[1, 2, 8, 13, 20]
[16, 17, 18, 19, 20, 21, 22, 23, 24, 25, 26, 27, 28]


5
process id 11
stats
5, 12, 7, 1000, 100000
20220628-204254
loosing coalitions taken
[1, 4, 7, 11, 13]
[1, 2, 7, 9, 24]
[2, 3, 5, 15]
[1, 3, 6, 25, 27]
[3, 4, 6, 14, 20]
[1, 3, 8, 10, 18]
[1, 3, 7, 14, 21]
[1, 5, 6, 12, 24]
[4, 5, 6, 7, 8]
[1, 4, 5, 25]
[1, 2, 6, 17, 22]
[16, 17, 18, 19, 20, 21, 22, 23, 24, 25, 26, 27, 28]


5
process id 9
stats
5, 14, 7, 1000, 100000
20220628-204407
loosing coalitions taken
[3, 5, 6, 7, 14]
[1, 5, 6, 12, 23]
[1, 2, 7, 13, 21]
[2, 3, 6, 18, 20]
[1, 3, 7, 8, 27]
[1, 3, 5, 15]
[1, 2, 10, 11, 12]
[2, 4, 5, 14, 28]
[2, 3, 4, 12]
[1, 2, 8, 14, 19]
[1, 4, 6, 13, 16]
[1, 2, 6, 27, 28]
[1, 4, 7, 9, 10]
[16, 17, 18, 19, 20, 21, 22, 23, 24, 25, 26, 27, 28]


5
process id 13
stats
5, 10, 7, 1000, 100000
20220628-204439
loosing coalitions taken
[2, 3, 6, 13]
[2, 4, 5, 19]
[1, 2, 7, 14, 16]
[1, 3, 8, 10, 12]
[1, 3, 7, 11, 22]
[1, 3, 5, 16, 21]
[1, 2, 8, 9, 17]
[1, 5, 6, 14, 18]
[1, 4, 6, 16]
[16, 17, 18, 19, 20, 21, 22, 23, 24, 25, 26, 27, 28]


5
process id 10
stats
5, 13, 7, 1000, 100000
20220628-204448
loosing coalitions taken
[2, 3, 6, 10, 26]
[1, 4, 5, 23]
[2, 5, 6, 8, 12]
[1, 3, 6, 15, 27]
[1, 3, 8, 10, 17]
[3, 4, 6, 11, 18]
[2, 3, 4, 17, 24]
[2, 3, 5, 21]
[1, 2, 8, 15, 16]
[1, 3, 7, 9, 13]
[2, 4, 6, 14, 19]
[1, 2, 7, 11, 12]
[16, 17, 18, 19, 20, 21, 22, 23, 24, 25, 26, 27, 28]


5
process id 11
stats
5, 12, 7, 1000, 100000
20220628-204457
loosing coalitions taken
[1, 4, 5, 21, 24]
[3, 4, 5, 14, 27]
[1, 4, 6, 28]
[1, 3, 7, 14, 19]
[1, 3, 8, 10, 16]
[1, 2, 8, 9, 20]
[2, 3, 6, 14]
[1, 3, 5, 23, 26]
[1, 2, 10, 11, 13]
[2, 4, 5, 17]
[1, 2, 7, 12, 24]
[16, 17, 18, 19, 20, 21, 22, 23, 24, 25, 26, 27, 28]


5
process id 12
stats
5, 11, 7, 1000, 100000
20220628-204503
loosing coalitions taken
[1, 3, 4, 22, 24]
[2, 4, 6, 8, 9]
[1, 5, 6, 10, 12]
[2, 3, 4, 26]
[1, 3, 5, 21]
[1, 4, 7, 8, 17]
[1, 4, 6, 28]
[1, 2, 8, 14, 18]
[1, 2, 10, 11, 13]
[1, 2, 7, 9, 19]
[16, 17, 18, 19, 20, 21, 22, 23, 24, 25, 26, 27, 28]


5
process id 13
stats
5, 10, 7, 1000, 100000
20220628-204626
loosing coalitions taken
[1, 3, 6, 16, 28]
[1, 4, 5, 14, 24]
[2, 3, 5, 23]
[1, 2, 8, 12, 17]
[1, 4, 6, 15]
[1, 3, 7, 10, 21]
[1, 2, 7, 11, 19]
[1, 3, 8, 11, 18]
[1, 2, 9, 10, 14]
[16, 17, 18, 19, 20, 21, 22, 23, 24, 25, 26, 27, 28]


5
process id 10
stats
5, 13, 7, 1000, 100000
20220628-204627
loosing coalitions taken
[1, 2, 9, 11, 14]
[2, 5, 6, 8, 9]
[1, 2, 8, 10, 21]
[1, 4, 8, 13, 14]
[1, 3, 7, 14, 22]
[2, 3, 4, 20]
[1, 4, 7, 10, 12]
[1, 4, 6, 22]
[1, 3, 8, 11, 12]
[3, 5, 6, 7, 15]
[1, 2, 5, 16, 26]
[1, 3, 5, 25]
[16, 17, 18, 19, 20, 21, 22, 23, 24, 25, 26, 27, 28]


5
process id 12
stats
5, 11, 7, 1000, 100000
20220628-204629
loosing coalitions taken
[1, 4, 6, 28]
[1, 3, 8, 9, 17]
[2, 3, 6, 12]
[3, 4, 5, 18, 19]
[1, 3, 7, 15, 20]
[1, 2, 5, 22, 25]
[1, 3, 5, 26]
[1, 2, 8, 11, 21]
[2, 4, 5, 9, 27]
[1, 2, 7, 9, 13]
[16, 17, 18, 19, 20, 21, 22, 23, 24, 25, 26, 27, 28]


5
process id 14
stats
5, 9, 7, 1000, 100000
20220628-204638
loosing coalitions taken
[2, 3, 6, 12]
[1, 4, 6, 17, 26]
[1, 2, 7, 14, 22]
[1, 4, 7, 8]
[2, 4, 5, 18]
[1, 2, 10, 11, 13]
[1, 3, 5, 14, 17]
[1, 5, 6, 9, 24]
[16, 17, 18, 19, 20, 21, 22, 23, 24, 25, 26, 27, 28]


5
process id 0
stats
5, 16, 7, 1000, 100000
20220628-204656
loosing coalitions taken
[2, 3, 6, 16, 18]
[3, 4, 6, 8, 21]
[1, 4, 7, 10, 19]
[2, 3, 7, 8, 9]
[1, 2, 8, 13, 19]
[1, 2, 7, 12, 23]
[2, 5, 6, 8, 12]
[2, 3, 4, 19, 25]
[1, 2, 6, 27, 28]
[1, 4, 6, 23]
[2, 4, 5, 9, 13]
[1, 2, 10, 11, 14]
[1, 2, 5, 24]
[3, 4, 5, 10]
[1, 3, 7, 11, 21]
[16, 17, 18, 19, 20, 21, 22, 23, 24, 25, 26, 27, 28]


5
process id 11
stats
5, 12, 7, 1000, 100000
20220628-204756
loosing coalitions taken
[1, 4, 8, 12, 14]
[2, 3, 4, 28]
[1, 4, 7, 10, 11]
[1, 3, 6, 22, 25]
[1, 4, 6, 17, 18]
[1, 3, 8, 15, 16]
[1, 3, 7, 13, 20]
[3, 5, 6, 7, 11]
[1, 4, 5, 19]
[1, 2, 8, 10, 21]
[1, 2, 6, 11, 15]
[16, 17, 18, 19, 20, 21, 22, 23, 24, 25, 26, 27, 28]


