Results

4
loosing coalitions taken
[1, 2, 8, 12, 20]
[1, 2, 6, 10, 17]
[2, 4, 5, 20]
[1, 4, 8, 10, 11]
[1, 2, 9, 11, 14]
[2, 3, 6, 9]
[1, 3, 5, 10, 19]
[1, 3, 8, 13, 15]
[1, 2, 7, 16, 19]
[1, 3, 4, 23]
[16, 17, 18, 19, 20, 21, 22, 23, 24, 25, 26, 27, 28]


3
loosing coalitions taken
[1, 4, 6, 13]
[2, 3, 6, 7]
[1, 3, 8, 9, 20]
[3, 4, 5, 12, 21]
[1, 3, 5, 19, 22]
[2, 4, 5, 10, 23]
[1, 2, 5, 25, 27]
[1, 2, 8, 11, 18]
[16, 17, 18, 19, 20, 21, 22, 23, 24, 25, 26, 27, 28]


3
loosing coalitions taken
[3, 4, 5, 16]
[2, 5, 6, 7, 12]
[1, 2, 5, 24]
[2, 3, 6, 11]
[1, 4, 6, 15]
[1, 3, 7, 12, 13]
[1, 3, 8, 9, 19]
[16, 17, 18, 19, 20, 21, 22, 23, 24, 25, 26, 27, 28]


4
loosing coalitions taken
[3, 4, 6, 13, 20]
[1, 4, 5, 26]
[1, 2, 6, 25, 27]
[2, 3, 5, 19]
[1, 3, 7, 15, 18]
[1, 3, 6, 12, 14]
[1, 2, 8, 14, 17]
[2, 4, 6, 12, 17]
[1, 2, 7, 9, 16]
[16, 17, 18, 19, 20, 21, 22, 23, 24, 25, 26, 27, 28]


4
loosing coalitions taken
[1, 2, 10, 11, 13]
[2, 3, 6, 16, 21]
[1, 3, 5, 28]
[1, 2, 8, 9, 15]
[2, 4, 5, 17]
[1, 2, 7, 14, 23]
[1, 2, 6, 22]
[3, 4, 6, 7]
[16, 17, 18, 19, 20, 21, 22, 23, 24, 25, 26, 27, 28]


4
loosing coalitions taken
[1, 4, 6, 17]
[2, 3, 6, 11, 22]
[1, 2, 7, 9]
[1, 3, 8, 10, 18]
[2, 4, 5, 10, 23]
[1, 3, 5, 14]
[2, 3, 4, 20]
[16, 17, 18, 19, 20, 21, 22, 23, 24, 25, 26, 27, 28]


5
loosing coalitions taken
[1, 2, 7, 12, 24]
[1, 3, 7, 13, 16]
[1, 3, 8, 11, 19]
[2, 3, 5, 19, 28]
[3, 4, 6, 10, 21]
[1, 3, 9, 10, 12]
[2, 3, 4, 13, 27]
[3, 5, 6, 7, 8]
[1, 2, 8, 9, 16]
[1, 2, 6, 22]
[3, 4, 5, 14]
[1, 4, 7, 8, 10]
[16, 17, 18, 19, 20, 21, 22, 23, 24, 25, 26, 27, 28]


5
loosing coalitions taken
[1, 2, 9, 10, 11]
[1, 4, 6, 22]
[2, 4, 5, 19, 28]
[2, 3, 4, 7, 25]
[1, 2, 7, 16, 17]
[1, 2, 8, 12, 13]
[2, 3, 6, 8, 24]
[3, 4, 5, 11]
[1, 2, 3, 19, 20]
[1, 3, 7, 10, 18]
[1, 2, 5, 24]
[16, 17, 18, 19, 20, 21, 22, 23, 24, 25, 26, 27, 28]


5
loosing coalitions taken
[1, 4, 6, 22]
[2, 3, 6, 14]
[1, 3, 7, 13, 21]
[1, 2, 8, 9, 10]
[1, 2, 5, 26, 27]
[1, 2, 7, 12, 17]
[3, 4, 5, 9, 19]
[2, 4, 5, 17]
[1, 3, 5, 15, 28]
[16, 17, 18, 19, 20, 21, 22, 23, 24, 25, 26, 27, 28]


6
loosing coalitions taken
[3, 4, 6, 13, 15]
[1, 4, 6, 26]
[1, 2, 9, 11, 13]
[2, 5, 6, 8, 11]
[2, 4, 5, 20, 22]
[2, 3, 6, 10]
[1, 2, 7, 14, 24]
[3, 4, 5, 9]
[1, 2, 5, 23, 27]
[1, 3, 7, 13, 20]
[1, 2, 8, 12, 17]
[1, 3, 8, 11, 18]
[16, 17, 18, 19, 20, 21, 22, 23, 24, 25, 26, 27, 28]


5
loosing coalitions taken
[1, 3, 7, 10, 22]
[2, 3, 6, 9]
[1, 3, 4, 11, 18]
[1, 4, 7, 8, 26]
[3, 4, 5, 20, 23]
[1, 4, 6, 23, 28]
[2, 4, 5, 11]
[1, 3, 5, 14, 28]
[1, 2, 7, 12, 16]
[1, 2, 8, 13, 15]
[16, 17, 18, 19, 20, 21, 22, 23, 24, 25, 26, 27, 28]


5
loosing coalitions taken
[2, 3, 5, 10, 22]
[1, 2, 9, 11, 13]
[2, 3, 6, 13, 15]
[1, 2, 8, 10, 12]
[1, 3, 8, 11, 15]
[2, 3, 4, 17]
[1, 2, 7, 14, 21]
[1, 2, 5, 24]
[1, 3, 7, 10, 20]
[1, 3, 6, 9, 27]
[1, 4, 6, 23, 25]
[4, 5, 6, 7, 8]
[1, 4, 7, 12, 13]
[16, 17, 18, 19, 20, 21, 22, 23, 24, 25, 26, 27, 28]


5
loosing coalitions taken
[1, 4, 6, 20]
[1, 3, 5, 24]
[2, 4, 5, 9, 27]
[1, 2, 8, 13, 18]
[2, 3, 4, 22]
[1, 2, 7, 14, 21]
[1, 2, 9, 10, 12]
[2, 5, 6, 8, 12]
[16, 17, 18, 19, 20, 21, 22, 23, 24, 25, 26, 27, 28]


5
loosing coalitions taken
[2, 3, 6, 15, 23]
[2, 4, 5, 9]
[1, 4, 6, 28]
[1, 3, 5, 22]
[1, 2, 7, 14, 18]
[1, 2, 8, 13, 20]
[1, 2, 10, 11, 12]
[16, 17, 18, 19, 20, 21, 22, 23, 24, 25, 26, 27, 28]


6
loosing coalitions taken
[1, 4, 6, 24]
[1, 2, 9, 10, 12]
[2, 3, 6, 11]
[1, 2, 7, 14, 15]
[1, 2, 8, 13, 19]
[1, 3, 5, 15, 25]
[1, 3, 8, 10, 14]
[1, 3, 7, 16, 17]
[2, 4, 5, 20, 27]
[1, 2, 5, 17]
[16, 17, 18, 19, 20, 21, 22, 23, 24, 25, 26, 27, 28]


6
loosing coalitions taken
[1, 3, 9, 10, 12]
[2, 3, 5, 25, 27]
[3, 4, 6, 13, 16]
[2, 3, 7, 8, 10]
[1, 3, 8, 13, 15]
[1, 4, 5, 18, 22]
[1, 3, 5, 24]
[1, 4, 7, 9, 17]
[2, 4, 5, 10, 26]
[2, 3, 4, 28]
[1, 4, 6, 26]
[1, 2, 7, 14, 21]
[2, 5, 6, 7, 13]
[1, 2, 8, 12, 19]
[16, 17, 18, 19, 20, 21, 22, 23, 24, 25, 26, 27, 28]


6
loosing coalitions taken
[1, 2, 7, 15, 17]
[1, 2, 10, 12, 13]
[1, 3, 8, 12, 15]
[1, 4, 6, 25]
[1, 3, 7, 13, 16]
[1, 2, 5, 9, 26]
[1, 3, 5, 28]
[2, 3, 4, 20, 27]
[2, 4, 5, 17]
[2, 3, 6, 9]
[1, 2, 8, 14, 16]
[16, 17, 18, 19, 20, 21, 22, 23, 24, 25, 26, 27, 28]


5
loosing coalitions taken
[1, 3, 7, 14, 16]
[1, 2, 7, 10, 21]
[1, 2, 8, 14, 20]
[1, 3, 5, 23, 28]
[3, 4, 5, 19, 24]
[2, 4, 5, 8, 11]
[1, 2, 5, 25]
[2, 3, 6, 9, 14]
[1, 3, 8, 12, 13]
[3, 5, 6, 7, 12]
[2, 3, 4, 23]
[1, 3, 6, 22]
[1, 4, 7, 11, 13]
[1, 4, 8, 10, 15]
[16, 17, 18, 19, 20, 21, 22, 23, 24, 25, 26, 27, 28]


5
loosing coalitions taken
[2, 3, 4, 15, 21]
[1, 4, 7, 10, 16]
[1, 4, 8, 11, 12]
[1, 3, 7, 14, 21]
[1, 3, 8, 13, 16]
[2, 4, 6, 12, 18]
[2, 3, 7, 8, 9]
[1, 3, 6, 12, 17]
[2, 3, 6, 14]
[1, 2, 7, 11, 27]
[3, 4, 5, 19, 22]
[1, 4, 6, 21]
[1, 3, 5, 26]
[2, 4, 5, 8]
[16, 17, 18, 19, 20, 21, 22, 23, 24, 25, 26, 27, 28]


5
loosing coalitions taken
[1, 4, 7, 9, 14]
[2, 4, 6, 9, 20]
[1, 4, 8, 12, 13]
[1, 3, 7, 13, 17]
[1, 3, 8, 14, 15]
[1, 3, 5, 21]
[2, 4, 5, 16, 19]
[1, 2, 8, 9, 10]
[1, 2, 7, 16, 20]
[1, 4, 6, 11, 27]
[1, 2, 4, 18]
[2, 3, 4, 26]
[3, 4, 5, 13, 22]
[2, 3, 6, 11]
[1, 2, 6, 23]
[16, 17, 18, 19, 20, 21, 22, 23, 24, 25, 26, 27, 28]


