Results

5
process id 4
stats
5, 14, 7, 1000, 1000000
20220706-184439
loosing coalitions taken
[2, 4, 5, 18, 26]
[2, 3, 6, 16, 22]
[3, 4, 6, 9, 17]
[2, 4, 6, 11, 24]
[3, 4, 5, 14, 21]
[2, 3, 5, 11]
[1, 3, 9, 10, 12]
[1, 5, 6, 12, 21]
[1, 3, 6, 26]
[1, 2, 7, 15, 16]
[1, 4, 7, 8, 19]
[1, 4, 5, 23]
[1, 2, 8, 14, 20]
[16, 17, 18, 19, 20, 21, 22, 23, 24, 25, 26, 27, 28]


5
process id 4
stats
5, 14, 7, 1000, 1000000
20220706-184833
loosing coalitions taken
[1, 3, 7, 16, 17]
[3, 5, 6, 7, 9]
[2, 4, 5, 15, 27]
[3, 4, 6, 10, 16]
[1, 4, 7, 11, 14]
[1, 4, 5, 24]
[2, 3, 5, 20]
[1, 3, 8, 10, 14]
[1, 3, 6, 27]
[1, 2, 7, 12, 25]
[2, 4, 6, 12, 21]
[1, 2, 9, 11, 13]
[1, 2, 8, 15, 16]
[16, 17, 18, 19, 20, 21, 22, 23, 24, 25, 26, 27, 28]


