Results

6
process id 11
stats
5, 14, 7, 1000, 100000
20220628-213321
loosing coalitions taken
[2, 4, 5, 20]
[1, 5, 6, 9, 15]
[1, 4, 8, 11, 12]
[1, 4, 7, 14, 15]
[3, 4, 6, 12, 21]
[1, 4, 6, 22]
[1, 2, 3, 10, 12]
[2, 3, 6, 13]
[1, 3, 5, 27]
[1, 2, 7, 11, 17]
[1, 2, 8, 14, 18]
[16, 17, 18, 19, 20, 21, 22, 23, 24, 25, 26, 27, 28]


5
process id 11
stats
5, 14, 7, 1000, 100000
20220628-213338
loosing coalitions taken
[1, 5, 6, 14, 19]
[1, 2, 8, 12, 14]
[1, 2, 6, 25]
[1, 3, 4, 22, 24]
[1, 4, 7, 11, 16]
[3, 4, 6, 12, 18]
[1, 4, 8, 10, 13]
[1, 4, 5, 23]
[1, 3, 7, 10, 19]
[1, 3, 8, 11, 17]
[2, 3, 4, 9, 28]
[2, 3, 5, 12, 27]
[3, 5, 6, 7, 11]
[16, 17, 18, 19, 20, 21, 22, 23, 24, 25, 26, 27, 28]


5
process id 13
stats
5, 12, 7, 1000, 100000
20220628-213343
loosing coalitions taken
[1, 2, 8, 14, 17]
[1, 4, 5, 24]
[1, 2, 7, 12, 16]
[1, 2, 9, 11, 13]
[2, 5, 6, 8, 11]
[1, 2, 6, 26]
[1, 3, 8, 15, 16]
[1, 3, 9, 10, 12]
[2, 3, 5, 12, 20]
[2, 3, 4, 16]
[1, 3, 7, 13, 18]
[16, 17, 18, 19, 20, 21, 22, 23, 24, 25, 26, 27, 28]


5
process id 8
stats
5, 17, 6, 1000, 100000
20220628-213345
loosing coalitions taken
[1, 4, 5, 17]
[2, 3, 5, 22]
[2, 4, 6, 15, 21]
[1, 2, 7, 14, 24]
[1, 2, 8, 13, 18]
[1, 3, 7, 11, 21]
[3, 4, 6, 8, 13]
[1, 4, 6, 12]
[2, 4, 5, 19, 24]
[1, 3, 4, 27]
[1, 5, 6, 11, 24]
[3, 4, 5, 16, 28]
[16, 17, 18, 19, 20, 21, 22, 23, 24, 25, 26, 27, 28]


5
process id 8
stats
5, 17, 6, 1000, 100000
20220628-213420
loosing coalitions taken
[1, 2, 5, 21]
[1, 4, 7, 11, 16]
[3, 4, 5, 11]
[1, 3, 7, 14, 19]
[1, 4, 8, 9, 12]
[2, 3, 5, 14, 27]
[1, 4, 5, 22]
[1, 2, 6, 23]
[2, 3, 4, 22]
[1, 3, 6, 10, 28]
[2, 3, 6, 13]
[1, 4, 6, 18, 19]
[16, 17, 18, 19, 20, 21, 22, 23, 24, 25, 26, 27, 28]


5
process id 6
stats
5, 19, 6, 1000, 100000
20220628-213454
loosing coalitions taken
[3, 5, 6, 7, 13]
[2, 3, 6, 11]
[1, 2, 8, 9, 14]
[1, 2, 7, 15, 16]
[1, 3, 6, 27]
[2, 4, 6, 12, 22]
[2, 3, 5, 14, 16]
[2, 3, 4, 20]
[1, 4, 6, 13, 20]
[3, 4, 6, 8]
[2, 4, 5, 11]
[1, 2, 6, 21]
[1, 3, 7, 10, 14]
[1, 4, 5, 14]
[16, 17, 18, 19, 20, 21, 22, 23, 24, 25, 26, 27, 28]


5
process id 7
stats
5, 18, 6, 1000, 100000
20220628-213503
loosing coalitions taken
[1, 3, 7, 8, 19]
[2, 5, 6, 8, 11]
[1, 2, 7, 14, 18]
[1, 4, 5, 16, 20]
[1, 4, 8, 11, 14]
[1, 4, 7, 13, 15]
[1, 3, 6, 25, 28]
[1, 4, 6, 18]
[1, 2, 10, 11, 12]
[2, 3, 5, 10, 23]
[2, 3, 6, 13]
[1, 3, 5, 15]
[2, 4, 5, 14, 26]
[1, 2, 8, 9, 22]
[16, 17, 18, 19, 20, 21, 22, 23, 24, 25, 26, 27, 28]


5
process id 14
stats
5, 11, 7, 1000, 100000
20220628-213536
loosing coalitions taken
[1, 4, 6, 26]
[1, 3, 7, 15, 16]
[2, 3, 6, 11]
[1, 2, 5, 10, 17]
[1, 2, 8, 9, 21]
[1, 2, 7, 14, 20]
[1, 3, 9, 10, 12]
[2, 4, 5, 15, 27]
[3, 4, 5, 10, 25]
[1, 3, 5, 14, 22]
[16, 17, 18, 19, 20, 21, 22, 23, 24, 25, 26, 27, 28]


5
process id 12
stats
5, 13, 7, 1000, 100000
20220628-213557
loosing coalitions taken
[1, 3, 9, 10, 12]
[1, 2, 5, 20]
[1, 4, 7, 10, 15]
[2, 4, 6, 12, 21]
[1, 4, 8, 9, 13]
[1, 4, 6, 22]
[2, 3, 6, 9, 17]
[1, 3, 8, 11, 15]
[1, 3, 7, 14, 17]
[3, 4, 5, 9, 11]
[2, 3, 4, 19, 25]
[3, 5, 6, 7, 13]
[16, 17, 18, 19, 20, 21, 22, 23, 24, 25, 26, 27, 28]


5
process id 10
stats
5, 15, 7, 1000, 100000
20220628-213603
loosing coalitions taken
[1, 3, 9, 10, 12]
[3, 4, 6, 12, 18]
[1, 4, 8, 9, 14]
[1, 4, 7, 10, 11]
[2, 3, 7, 8, 9]
[1, 2, 7, 15, 16]
[1, 2, 8, 10, 19]
[1, 2, 9, 11, 13]
[2, 3, 6, 11]
[2, 4, 5, 14, 20]
[1, 4, 6, 16]
[3, 4, 5, 8]
[1, 2, 5, 12]
[1, 3, 7, 13, 17]
[16, 17, 18, 19, 20, 21, 22, 23, 24, 25, 26, 27, 28]


5
process id 8
stats
5, 17, 6, 1000, 100000
20220628-213609
loosing coalitions taken
[2, 3, 5, 20, 27]
[2, 4, 5, 15]
[1, 2, 7, 9]
[2, 3, 6, 14]
[2, 4, 6, 8]
[1, 2, 3, 25]
[1, 3, 5, 21]
[1, 4, 7, 11, 15]
[1, 2, 5, 10, 26]
[2, 3, 4, 24]
[1, 4, 6, 23]
[1, 2, 6, 19, 24]
[16, 17, 18, 19, 20, 21, 22, 23, 24, 25, 26, 27, 28]


5
process id 8
stats
5, 17, 6, 1000, 100000
20220628-213632
loosing coalitions taken
[1, 5, 6, 9, 10]
[1, 3, 4, 20, 25]
[1, 4, 5, 21, 28]
[1, 3, 7, 12, 14]
[1, 3, 8, 10, 15]
[1, 4, 7, 9, 18]
[1, 4, 6, 24]
[1, 2, 7, 10, 21]
[1, 2, 8, 9, 12]
[1, 2, 5, 17, 19]
[3, 4, 5, 16]
[2, 3, 6, 19, 20]
[16, 17, 18, 19, 20, 21, 22, 23, 24, 25, 26, 27, 28]


5
process id 12
stats
5, 13, 7, 1000, 100000
20220628-213635
loosing coalitions taken
[1, 2, 8, 11, 20]
[2, 3, 5, 17]
[1, 2, 9, 10, 14]
[1, 2, 7, 12, 24]
[2, 4, 6, 10, 19]
[1, 2, 6, 18]
[3, 4, 6, 13, 21]
[1, 3, 8, 14, 15]
[1, 3, 7, 10, 19]
[1, 4, 8, 12, 13]
[1, 3, 4, 11, 27]
[16, 17, 18, 19, 20, 21, 22, 23, 24, 25, 26, 27, 28]


5
process id 10
stats
5, 15, 7, 1000, 100000
20220628-213637
loosing coalitions taken
[2, 3, 4, 21]
[1, 2, 9, 10, 12]
[2, 5, 6, 7, 11]
[1, 2, 7, 16, 18]
[1, 3, 7, 10, 24]
[1, 2, 5, 22]
[1, 3, 8, 14, 16]
[1, 4, 6, 26]
[2, 4, 5, 14, 18]
[2, 3, 6, 9, 19]
[1, 2, 6, 15, 27]
[2, 3, 5, 15]
[1, 3, 5, 11]
[16, 17, 18, 19, 20, 21, 22, 23, 24, 25, 26, 27, 28]


5
process id 6
stats
5, 19, 6, 1000, 100000
20220628-213653
loosing coalitions taken
[1, 4, 8, 10, 12]
[3, 4, 6, 14, 18]
[1, 4, 7, 9, 11]
[1, 3, 8, 9, 16]
[1, 2, 6, 19]
[2, 3, 5, 16, 27]
[2, 3, 6, 9]
[1, 5, 6, 10, 13]
[3, 4, 5, 13, 24]
[1, 2, 5, 28]
[1, 3, 5, 11]
[1, 3, 6, 26]
[1, 3, 7, 10, 18]
[16, 17, 18, 19, 20, 21, 22, 23, 24, 25, 26, 27, 28]


5
process id 10
stats
5, 15, 7, 1000, 100000
20220628-213700
loosing coalitions taken
[2, 5, 6, 8, 9]
[1, 5, 6, 13, 21]
[1, 3, 8, 14, 16]
[3, 4, 6, 14, 20]
[1, 3, 7, 11, 12]
[1, 4, 5, 19, 28]
[1, 3, 4, 21]
[1, 2, 7, 9]
[2, 4, 6, 11, 17]
[2, 3, 5, 14, 28]
[2, 4, 5, 15, 20]
[2, 3, 6, 13, 18]
[16, 17, 18, 19, 20, 21, 22, 23, 24, 25, 26, 27, 28]


5
process id 11
stats
5, 14, 7, 1000, 100000
20220628-213702
loosing coalitions taken
[2, 4, 6, 13, 20]
[1, 2, 9, 12, 14]
[3, 4, 5, 11, 25]
[2, 3, 5, 8, 14]
[2, 5, 6, 7, 10]
[2, 3, 4, 28]
[1, 2, 8, 11, 18]
[1, 2, 7, 15, 21]
[1, 3, 6, 13, 19]
[1, 2, 6, 27]
[1, 3, 8, 12, 16]
[1, 3, 5, 23]
[1, 4, 7, 8]
[16, 17, 18, 19, 20, 21, 22, 23, 24, 25, 26, 27, 28]


5
process id 7
stats
5, 18, 6, 1000, 100000
20220628-213732
loosing coalitions taken
[2, 3, 4, 21]
[1, 2, 5, 20, 28]
[1, 2, 10, 11, 14]
[1, 2, 8, 15, 17]
[1, 4, 8, 11, 13]
[1, 2, 7, 13, 22]
[3, 4, 5, 12]
[1, 4, 6, 18]
[3, 4, 6, 8]
[2, 4, 5, 18]
[1, 2, 6, 24]
[1, 3, 4, 14]
[2, 3, 5, 16]
[16, 17, 18, 19, 20, 21, 22, 23, 24, 25, 26, 27, 28]


5
process id 9
stats
5, 16, 6, 1000, 100000
20220628-213734
loosing coalitions taken
[1, 3, 5, 24, 28]
[1, 4, 5, 20]
[1, 3, 7, 11, 18]
[1, 2, 7, 12, 21]
[1, 2, 8, 14, 16]
[1, 2, 9, 11, 13]
[1, 3, 8, 9, 19]
[2, 3, 4, 15, 18]
[2, 3, 5, 22, 23]
[1, 2, 6, 25, 28]
[1, 3, 6, 23]
[2, 4, 6, 13, 17]
[2, 3, 7, 8, 10]
[2, 5, 6, 7, 16]
[16, 17, 18, 19, 20, 21, 22, 23, 24, 25, 26, 27, 28]


5
process id 5
stats
5, 20, 5, 1000, 100000
20220628-213802
loosing coalitions taken
[1, 3, 8, 12, 17]
[2, 4, 5, 18]
[2, 5, 6, 7, 16]
[1, 2, 5, 27]
[3, 4, 5, 16, 23]
[1, 3, 5, 26]
[1, 4, 6, 16, 17]
[1, 5, 6, 8, 28]
[2, 3, 6, 12]
[1, 4, 7, 8, 24]
[2, 4, 6, 9, 22]
[2, 3, 5, 17]
[1, 3, 4, 20]
[1, 2, 7, 10, 18]
[16, 17, 18, 19, 20, 21, 22, 23, 24, 25, 26, 27, 28]


5
process id 9
stats
5, 16, 6, 1000, 100000
20220628-213803
loosing coalitions taken
[1, 4, 7, 9, 11]
[1, 4, 6, 23]
[1, 2, 8, 14, 19]
[1, 2, 9, 10, 13]
[2, 5, 6, 7, 13]
[2, 3, 4, 11, 26]
[2, 3, 6, 9]
[1, 3, 5, 24, 28]
[1, 3, 8, 11, 12]
[1, 2, 7, 15, 21]
[1, 3, 7, 13, 14]
[3, 4, 5, 12]
[1, 2, 5, 20]
[16, 17, 18, 19, 20, 21, 22, 23, 24, 25, 26, 27, 28]


5
process id 10
stats
5, 15, 7, 1000, 100000
20220628-213847
loosing coalitions taken
[1, 4, 5, 27]
[1, 2, 9, 11, 13]
[2, 3, 4, 24]
[1, 2, 7, 10, 23]
[1, 3, 6, 26]
[2, 3, 5, 20]
[1, 3, 7, 11, 12]
[2, 4, 5, 11]
[1, 4, 6, 16]
[1, 2, 6, 15]
[1, 3, 5, 16]
[1, 2, 5, 14]
[16, 17, 18, 19, 20, 21, 22, 23, 24, 25, 26, 27, 28]


5
process id 9
stats
5, 16, 6, 1000, 100000
20220628-213849
loosing coalitions taken
[1, 4, 7, 11, 15]
[1, 4, 6, 25]
[2, 3, 6, 15, 21]
[1, 3, 8, 14, 15]
[3, 5, 6, 7, 13]
[1, 3, 7, 16, 17]
[1, 3, 9, 10, 11]
[2, 3, 4, 12]
[1, 2, 7, 9, 28]
[1, 2, 5, 21, 24]
[1, 3, 5, 23]
[1, 2, 8, 11, 19]
[2, 5, 6, 8, 9]
[16, 17, 18, 19, 20, 21, 22, 23, 24, 25, 26, 27, 28]


5
process id 8
stats
5, 17, 6, 1000, 100000
20220628-213851
loosing coalitions taken
[2, 3, 6, 11]
[2, 4, 5, 13]
[1, 2, 9, 10, 14]
[1, 5, 6, 14, 19]
[1, 4, 7, 8, 9]
[1, 4, 6, 28]
[1, 2, 7, 16, 19]
[1, 2, 3, 17, 25]
[3, 4, 6, 8]
[2, 3, 5, 15]
[1, 2, 5, 23]
[1, 3, 6, 13, 24]
[1, 3, 8, 11, 18]
[16, 17, 18, 19, 20, 21, 22, 23, 24, 25, 26, 27, 28]


5
process id 5
stats
5, 20, 5, 1000, 100000
20220628-213854
loosing coalitions taken
[2, 3, 6, 11]
[2, 4, 5, 18, 23]
[1, 2, 6, 10]
[2, 3, 5, 10]
[2, 4, 6, 9, 22]
[1, 4, 7, 13, 15]
[1, 3, 7, 10, 14]
[1, 2, 7, 9, 23]
[1, 3, 5, 11]
[2, 3, 4, 8]
[1, 5, 6, 12, 17]
[1, 2, 8, 14, 20]
[1, 3, 8, 13, 16]
[16, 17, 18, 19, 20, 21, 22, 23, 24, 25, 26, 27, 28]


5
process id 15
stats
5, 10, 8, 1000, 100000
20220628-214007
loosing coalitions taken
[2, 3, 6, 14]
[3, 4, 5, 15, 22]
[1, 3, 7, 9, 18]
[1, 3, 5, 24]
[2, 4, 5, 9]
[1, 2, 7, 11, 25]
[1, 2, 8, 13, 16]
[1, 4, 7, 10, 19]
[1, 4, 6, 28]
[16, 17, 18, 19, 20, 21, 22, 23, 24, 25, 26, 27, 28]


5
process id 12
stats
5, 13, 7, 1000, 100000
20220628-214014
loosing coalitions taken
[3, 4, 6, 12, 17]
[1, 2, 5, 18]
[1, 3, 8, 9, 20]
[1, 3, 7, 15, 17]
[1, 4, 7, 11, 16]
[1, 4, 8, 13, 14]
[1, 4, 6, 20, 25]
[1, 3, 6, 19, 26]
[2, 4, 6, 8, 22]
[2, 3, 4, 23, 24]
[3, 4, 5, 13]
[16, 17, 18, 19, 20, 21, 22, 23, 24, 25, 26, 27, 28]


5
process id 12
stats
5, 13, 7, 1000, 100000
20220628-214058
loosing coalitions taken
[2, 4, 6, 11, 18]
[1, 4, 7, 12, 16]
[1, 4, 8, 9, 11]
[3, 4, 5, 11]
[1, 4, 6, 20]
[1, 3, 8, 13, 14]
[1, 3, 7, 15, 19]
[1, 2, 7, 10, 22]
[1, 2, 5, 12, 19]
[1, 2, 8, 15, 17]
[2, 3, 6, 14]
[1, 3, 9, 10, 12]
[16, 17, 18, 19, 20, 21, 22, 23, 24, 25, 26, 27, 28]


5
process id 5
stats
5, 20, 5, 1000, 100000
20220628-214122
loosing coalitions taken
[2, 3, 4, 13]
[1, 4, 6, 28]
[1, 2, 3, 28]
[1, 4, 5, 24]
[1, 2, 6, 17, 19]
[2, 3, 5, 12]
[1, 2, 5, 14, 26]
[1, 4, 7, 10, 13]
[1, 3, 7, 14, 20]
[2, 3, 6, 16, 23]
[3, 4, 6, 14, 19]
[1, 2, 8, 12, 20]
[1, 2, 7, 9]
[1, 3, 8, 10, 11]
[16, 17, 18, 19, 20, 21, 22, 23, 24, 25, 26, 27, 28]


5
process id 12
stats
5, 13, 7, 1000, 100000
20220628-214141
loosing coalitions taken
[1, 3, 7, 14, 20]
[1, 2, 7, 13, 19]
[1, 2, 8, 9, 20]
[1, 4, 7, 10, 15]
[2, 5, 6, 7, 16]
[1, 4, 5, 22]
[2, 3, 5, 20]
[2, 4, 6, 10, 13]
[1, 2, 6, 24]
[3, 4, 6, 11, 18]
[1, 3, 8, 12, 13]
[1, 3, 9, 10, 11]
[16, 17, 18, 19, 20, 21, 22, 23, 24, 25, 26, 27, 28]


5
process id 7
stats
5, 18, 6, 1000, 100000
20220628-214147
loosing coalitions taken
[2, 4, 6, 10, 13]
[2, 3, 4, 22]
[3, 5, 6, 7, 13]
[1, 4, 5, 11]
[1, 2, 8, 9, 15]
[1, 2, 7, 13, 23]
[1, 2, 3, 27]
[2, 3, 6, 11]
[1, 2, 5, 17, 22]
[1, 2, 6, 24]
[2, 4, 5, 18]
[1, 3, 7, 12, 19]
[3, 4, 5, 16]
[2, 3, 5, 23]
[16, 17, 18, 19, 20, 21, 22, 23, 24, 25, 26, 27, 28]


5
process id 13
stats
5, 12, 7, 1000, 100000
20220628-214156
loosing coalitions taken
[1, 2, 7, 14, 20]
[1, 2, 6, 18, 22]
[1, 4, 7, 9, 18]
[1, 2, 5, 25]
[3, 4, 5, 9]
[2, 4, 6, 7, 10]
[1, 4, 8, 10, 15]
[2, 3, 6, 14]
[1, 3, 8, 12, 19]
[1, 4, 6, 23]
[1, 3, 7, 10, 17]
[16, 17, 18, 19, 20, 21, 22, 23, 24, 25, 26, 27, 28]


5
process id 13
stats
5, 12, 7, 1000, 100000
20220628-214208
loosing coalitions taken
[1, 2, 8, 13, 19]
[2, 3, 5, 23]
[1, 3, 7, 14, 16]
[1, 4, 6, 11, 14]
[1, 4, 5, 26]
[1, 3, 6, 9, 28]
[2, 4, 6, 10, 16]
[1, 2, 6, 17, 22]
[1, 2, 7, 9]
[1, 3, 8, 10, 12]
[16, 17, 18, 19, 20, 21, 22, 23, 24, 25, 26, 27, 28]


5
process id 7
stats
5, 18, 6, 1000, 100000
20220628-214228
loosing coalitions taken
[1, 4, 7, 12, 13]
[2, 3, 4, 18, 22]
[1, 2, 6, 15, 25]
[1, 2, 9, 11, 14]
[1, 2, 7, 10, 18]
[2, 3, 6, 14]
[1, 3, 7, 8, 24]
[1, 3, 4, 27]
[1, 3, 5, 16]
[1, 3, 6, 26]
[3, 4, 5, 19, 26]
[3, 4, 6, 11, 13]
[1, 2, 5, 17]
[2, 3, 5, 25]
[16, 17, 18, 19, 20, 21, 22, 23, 24, 25, 26, 27, 28]


6
process id 8
stats
5, 17, 6, 1000, 100000
20220628-214238
loosing coalitions taken
[2, 3, 6, 14]
[1, 4, 6, 22]
[1, 3, 8, 9, 16]
[1, 2, 9, 12, 13]
[1, 2, 7, 15, 21]
[2, 4, 5, 17]
[1, 3, 7, 10, 11]
[3, 4, 5, 10]
[2, 3, 5, 25]
[2, 3, 4, 23, 26]
[1, 5, 6, 9, 17]
[1, 4, 5, 13]
[1, 2, 5, 11]
[16, 17, 18, 19, 20, 21, 22, 23, 24, 25, 26, 27, 28]


5
process id 14
stats
5, 11, 7, 1000, 100000
20220628-214239
loosing coalitions taken
[3, 4, 5, 21, 23]
[1, 4, 6, 23]
[1, 3, 8, 12, 18]
[1, 3, 9, 10, 11]
[2, 3, 4, 24]
[1, 3, 7, 13, 20]
[3, 5, 6, 7, 9]
[1, 2, 7, 14, 19]
[1, 2, 5, 10, 21]
[1, 2, 8, 9, 13]
[16, 17, 18, 19, 20, 21, 22, 23, 24, 25, 26, 27, 28]


5
process id 15
stats
5, 10, 8, 1000, 100000
20220628-214239
loosing coalitions taken
[1, 3, 7, 8, 22]
[1, 4, 6, 26]
[1, 2, 7, 17, 19]
[1, 2, 5, 10, 21]
[1, 2, 8, 11, 16]
[1, 3, 5, 27]
[2, 4, 5, 8, 17]
[2, 3, 6, 10]
[1, 2, 9, 12, 13]
[16, 17, 18, 19, 20, 21, 22, 23, 24, 25, 26, 27, 28]


5
process id 6
stats
5, 19, 6, 1000, 100000
20220628-214247
loosing coalitions taken
[2, 3, 7, 8, 10]
[2, 4, 5, 19, 24]
[1, 4, 8, 10, 11]
[1, 2, 6, 15, 28]
[1, 2, 7, 11, 26]
[1, 2, 8, 14, 18]
[1, 2, 9, 12, 13]
[2, 3, 6, 13]
[1, 4, 7, 9, 18]
[1, 3, 5, 16, 24]
[2, 3, 5, 11]
[1, 3, 6, 22, 26]
[2, 3, 4, 26]
[3, 4, 6, 11, 16]
[2, 4, 6, 9, 23]
[16, 17, 18, 19, 20, 21, 22, 23, 24, 25, 26, 27, 28]


5
process id 13
stats
5, 12, 7, 1000, 100000
20220628-214258
loosing coalitions taken
[1, 5, 6, 14, 18]
[2, 3, 5, 20]
[1, 3, 7, 10, 11]
[1, 2, 7, 16, 17]
[1, 4, 5, 27]
[1, 2, 8, 10, 14]
[1, 3, 6, 22, 24]
[1, 3, 8, 15, 16]
[1, 2, 6, 13, 25]
[3, 4, 6, 8, 12]
[2, 4, 6, 15, 16]
[16, 17, 18, 19, 20, 21, 22, 23, 24, 25, 26, 27, 28]


5
process id 11
stats
5, 14, 7, 1000, 100000
20220628-214312
loosing coalitions taken
[2, 4, 5, 11, 25]
[2, 3, 4, 17]
[1, 2, 7, 14, 16]
[1, 2, 8, 13, 19]
[1, 3, 5, 24, 27]
[3, 5, 6, 7, 11]
[1, 2, 5, 21, 23]
[1, 3, 8, 9, 20]
[2, 5, 6, 8, 12]
[1, 2, 9, 10, 11]
[1, 3, 7, 10, 18]
[1, 2, 6, 22]
[1, 4, 5, 26]
[16, 17, 18, 19, 20, 21, 22, 23, 24, 25, 26, 27, 28]


5
process id 10
stats
5, 15, 7, 1000, 100000
20220628-214314
loosing coalitions taken
[2, 5, 6, 7, 12]
[2, 3, 5, 24]
[1, 3, 8, 11, 17]
[3, 4, 6, 9, 16]
[1, 3, 7, 13, 18]
[1, 4, 5, 20]
[1, 2, 6, 25]
[2, 3, 6, 13]
[3, 4, 5, 7]
[1, 2, 5, 27]
[2, 4, 5, 19]
[1, 4, 6, 19, 21]
[2, 3, 4, 18]
[16, 17, 18, 19, 20, 21, 22, 23, 24, 25, 26, 27, 28]


5
process id 12
stats
5, 13, 7, 1000, 100000
20220628-214319
loosing coalitions taken
[1, 4, 6, 25]
[1, 3, 8, 12, 13]
[2, 5, 6, 8, 12]
[2, 3, 6, 10, 27]
[2, 3, 4, 13, 26]
[1, 2, 8, 11, 14]
[1, 2, 7, 15, 19]
[1, 2, 9, 10, 12]
[3, 4, 5, 16]
[1, 2, 5, 22, 23]
[1, 2, 3, 21]
[16, 17, 18, 19, 20, 21, 22, 23, 24, 25, 26, 27, 28]


5
process id 9
stats
5, 16, 6, 1000, 100000
20220628-214328
loosing coalitions taken
[1, 3, 7, 14, 21]
[2, 3, 6, 8, 23]
[1, 2, 8, 14, 17]
[2, 3, 4, 10]
[1, 2, 7, 9, 19]
[1, 4, 6, 28]
[1, 3, 5, 9, 24]
[1, 2, 5, 22]
[1, 3, 8, 11, 19]
[1, 4, 5, 23]
[2, 3, 5, 27, 28]
[1, 5, 6, 12, 21]
[3, 4, 6, 7]
[16, 17, 18, 19, 20, 21, 22, 23, 24, 25, 26, 27, 28]


5
process id 10
stats
5, 15, 7, 1000, 100000
20220628-214335
loosing coalitions taken
[1, 4, 5, 20, 25]
[1, 4, 7, 14, 16]
[2, 3, 5, 25]
[1, 3, 7, 13, 21]
[1, 3, 8, 12, 17]
[1, 4, 8, 10, 11]
[1, 3, 4, 23]
[1, 2, 6, 20, 27]
[1, 2, 9, 11, 14]
[1, 5, 6, 13, 16]
[1, 2, 7, 10, 22]
[2, 4, 6, 10, 14]
[16, 17, 18, 19, 20, 21, 22, 23, 24, 25, 26, 27, 28]


5
process id 11
stats
5, 14, 7, 1000, 100000
20220628-214354
loosing coalitions taken
[2, 5, 6, 8, 10]
[1, 2, 9, 10, 14]
[1, 2, 7, 11, 13]
[3, 4, 5, 17, 27]
[1, 4, 5, 20]
[1, 3, 7, 14, 22]
[2, 3, 5, 21, 23]
[1, 2, 8, 12, 19]
[2, 3, 4, 19]
[1, 3, 6, 13, 18]
[1, 2, 6, 23]
[1, 3, 8, 15, 16]
[3, 5, 6, 7, 9]
[16, 17, 18, 19, 20, 21, 22, 23, 24, 25, 26, 27, 28]


5
process id 13
stats
5, 12, 7, 1000, 100000
20220628-214410
loosing coalitions taken
[2, 3, 5, 12]
[1, 2, 9, 11, 14]
[1, 3, 8, 9, 10]
[1, 3, 4, 13, 16]
[1, 4, 5, 17, 26]
[1, 2, 7, 15, 20]
[1, 5, 6, 13, 23]
[1, 4, 7, 10, 19]
[3, 4, 6, 8]
[1, 2, 6, 19, 24]
[16, 17, 18, 19, 20, 21, 22, 23, 24, 25, 26, 27, 28]


5
process id 14
stats
5, 11, 7, 1000, 100000
20220628-214415
loosing coalitions taken
[1, 2, 8, 9, 18]
[1, 3, 5, 24]
[2, 3, 6, 9, 22]
[1, 2, 7, 15, 20]
[2, 4, 5, 11, 20]
[2, 3, 4, 23]
[1, 2, 10, 11, 14]
[1, 4, 6, 22, 25]
[1, 2, 6, 13]
[1, 4, 7, 8]
[16, 17, 18, 19, 20, 21, 22, 23, 24, 25, 26, 27, 28]


5
process id 11
stats
5, 14, 7, 1000, 100000
20220628-214415
loosing coalitions taken
[2, 4, 5, 20]
[1, 4, 7, 9, 17]
[1, 3, 7, 14, 19]
[1, 4, 6, 18, 19]
[3, 4, 6, 9, 22]
[1, 4, 8, 12, 14]
[1, 3, 4, 11, 15]
[1, 2, 8, 15, 17]
[1, 3, 6, 26]
[1, 2, 7, 10, 22]
[1, 2, 9, 11, 14]
[16, 17, 18, 19, 20, 21, 22, 23, 24, 25, 26, 27, 28]


5
process id 14
stats
5, 11, 7, 1000, 100000
20220628-214438
loosing coalitions taken
[2, 3, 6, 12]
[1, 3, 7, 14, 19]
[1, 2, 5, 10, 22]
[1, 3, 5, 21]
[1, 2, 7, 13, 18]
[1, 2, 8, 9, 16]
[2, 4, 5, 13, 19]
[1, 4, 6, 24, 26]
[1, 4, 7, 10, 15]
[1, 2, 4, 27]
[16, 17, 18, 19, 20, 21, 22, 23, 24, 25, 26, 27, 28]


5
process id 4
stats
5, 25, 5, 1000, 100000
20220628-214442
loosing coalitions taken
[2, 4, 5, 17, 20]
[1, 2, 8, 10, 17]
[1, 4, 8, 9, 11]
[1, 4, 5, 28]
[1, 2, 5, 22]
[2, 4, 6, 11, 13]
[3, 4, 6, 10, 19]
[1, 4, 7, 10, 13]
[2, 3, 5, 13]
[3, 4, 5, 7]
[1, 2, 6, 12]
[1, 3, 7, 11, 21]
[1, 3, 6, 15, 27]
[1, 3, 8, 14, 16]
[1, 2, 7, 14, 15]
[16, 17, 18, 19, 20, 21, 22, 23, 24, 25, 26, 27, 28]


5
process id 12
stats
5, 13, 7, 1000, 100000
20220628-214447
loosing coalitions taken
[1, 2, 8, 10, 12]
[1, 5, 6, 11, 17]
[1, 2, 5, 13]
[3, 4, 5, 15]
[1, 3, 7, 9, 24]
[2, 3, 6, 16, 23]
[1, 3, 8, 11, 18]
[1, 4, 6, 25, 28]
[1, 4, 7, 8, 27]
[2, 4, 6, 9, 11]
[1, 3, 6, 26]
[16, 17, 18, 19, 20, 21, 22, 23, 24, 25, 26, 27, 28]


5
process id 6
stats
5, 19, 6, 1000, 100000
20220628-214456
loosing coalitions taken
[3, 4, 5, 14, 21]
[2, 3, 5, 18]
[1, 3, 8, 11, 13]
[1, 4, 5, 22]
[1, 3, 6, 21]
[1, 2, 7, 11, 17]
[1, 2, 8, 10, 15]
[1, 2, 9, 12, 14]
[1, 5, 6, 9, 25]
[2, 3, 4, 26]
[1, 4, 6, 14]
[1, 2, 3, 28]
[2, 4, 5, 19]
[1, 3, 5, 15]
[1, 4, 7, 9, 18]
[16, 17, 18, 19, 20, 21, 22, 23, 24, 25, 26, 27, 28]


5
process id 9
stats
5, 16, 6, 1000, 100000
20220628-214510
loosing coalitions taken
[1, 4, 5, 17, 28]
[1, 3, 7, 11, 15]
[3, 4, 6, 13, 19]
[1, 4, 6, 20]
[1, 2, 7, 9, 18]
[1, 2, 10, 11, 13]
[2, 4, 5, 9]
[1, 2, 3, 25, 26]
[2, 3, 6, 11, 17]
[1, 3, 5, 23, 24]
[1, 2, 8, 14, 16]
[1, 3, 8, 10, 17]
[16, 17, 18, 19, 20, 21, 22, 23, 24, 25, 26, 27, 28]


5
process id 9
stats
5, 16, 6, 1000, 100000
20220628-214523
loosing coalitions taken
[2, 3, 5, 9, 18]
[4, 5, 6, 7, 8]
[1, 4, 8, 10, 14]
[1, 2, 5, 24]
[3, 4, 5, 20, 23]
[2, 4, 6, 10, 19]
[1, 4, 7, 11, 17]
[1, 3, 9, 10, 11]
[1, 3, 4, 21, 26]
[1, 4, 6, 25]
[1, 3, 8, 12, 16]
[2, 3, 6, 11, 26]
[2, 3, 4, 22, 28]
[1, 3, 7, 13, 22]
[16, 17, 18, 19, 20, 21, 22, 23, 24, 25, 26, 27, 28]


5
process id 8
stats
5, 17, 6, 1000, 100000
20220628-214528
loosing coalitions taken
[2, 3, 7, 8, 9]
[3, 5, 6, 7, 13]
[2, 3, 5, 21, 25]
[2, 4, 5, 17]
[3, 4, 6, 12, 19]
[1, 3, 5, 16, 24]
[1, 3, 8, 12, 15]
[1, 5, 6, 8, 19]
[1, 4, 6, 21, 25]
[1, 2, 7, 16, 18]
[1, 3, 6, 26]
[1, 2, 8, 11, 14]
[1, 2, 10, 12, 13]
[16, 17, 18, 19, 20, 21, 22, 23, 24, 25, 26, 27, 28]


5
process id 6
stats
5, 19, 6, 1000, 100000
20220628-214547
loosing coalitions taken
[1, 3, 8, 11, 18]
[2, 3, 6, 9]
[1, 2, 8, 13, 17]
[1, 2, 5, 23, 28]
[1, 2, 7, 10, 25]
[1, 3, 7, 13, 21]
[2, 3, 4, 22]
[1, 3, 6, 20]
[2, 4, 6, 10, 13]
[3, 4, 5, 16, 21]
[2, 3, 5, 13, 14]
[1, 2, 6, 15]
[2, 4, 5, 9, 17]
[16, 17, 18, 19, 20, 21, 22, 23, 24, 25, 26, 27, 28]


5
process id 9
stats
5, 16, 6, 1000, 100000
20220628-214558
loosing coalitions taken
[1, 5, 6, 11, 21]
[3, 4, 5, 21, 23]
[1, 4, 6, 15, 20]
[2, 4, 5, 11]
[1, 3, 4, 19, 25]
[3, 4, 6, 10, 17]
[1, 2, 6, 25, 27]
[2, 3, 6, 12]
[1, 4, 8, 12, 14]
[1, 2, 8, 10, 17]
[1, 3, 7, 15, 21]
[1, 3, 8, 9, 13]
[1, 2, 7, 14, 23]
[1, 4, 7, 9, 16]
[16, 17, 18, 19, 20, 21, 22, 23, 24, 25, 26, 27, 28]


5
process id 8
stats
5, 17, 6, 1000, 100000
20220628-214600
loosing coalitions taken
[1, 3, 8, 9, 19]
[1, 3, 7, 11, 21]
[3, 5, 6, 7, 15]
[1, 4, 7, 14, 16]
[1, 2, 5, 20]
[1, 4, 8, 11, 13]
[1, 2, 4, 23]
[2, 3, 5, 17, 27]
[1, 2, 7, 12, 15]
[2, 4, 5, 9, 28]
[2, 3, 6, 8]
[1, 3, 6, 18]
[3, 4, 5, 14]
[1, 2, 6, 16]
[16, 17, 18, 19, 20, 21, 22, 23, 24, 25, 26, 27, 28]


5
process id 15
stats
5, 10, 8, 1000, 100000
20220628-214616
loosing coalitions taken
[2, 3, 6, 14]
[2, 4, 5, 15]
[1, 3, 5, 22, 28]
[1, 3, 7, 11, 12]
[1, 2, 8, 9, 13]
[1, 2, 7, 16, 20]
[1, 3, 8, 10, 18]
[1, 3, 4, 13]
[1, 5, 6, 12, 18]
[16, 17, 18, 19, 20, 21, 22, 23, 24, 25, 26, 27, 28]


5
process id 11
stats
5, 14, 7, 1000, 100000
20220628-214619
loosing coalitions taken
[2, 3, 6, 14, 23]
[1, 2, 7, 9]
[1, 5, 6, 14, 17]
[1, 3, 5, 10, 20]
[1, 3, 6, 18, 24]
[1, 3, 8, 11, 17]
[3, 4, 6, 13, 16]
[2, 3, 5, 22]
[1, 4, 5, 25]
[2, 4, 6, 11, 18]
[16, 17, 18, 19, 20, 21, 22, 23, 24, 25, 26, 27, 28]


5
process id 11
stats
5, 14, 7, 1000, 100000
20220628-214703
loosing coalitions taken
[1, 4, 6, 27]
[1, 3, 8, 10, 18]
[2, 5, 6, 8, 11]
[2, 3, 6, 13, 23]
[2, 3, 7, 8, 9]
[1, 3, 7, 11, 23]
[3, 5, 6, 7, 14]
[1, 3, 5, 21]
[1, 2, 7, 12, 24]
[1, 2, 8, 14, 16]
[2, 4, 5, 14, 26]
[2, 3, 4, 10]
[1, 2, 9, 11, 13]
[16, 17, 18, 19, 20, 21, 22, 23, 24, 25, 26, 27, 28]


5
process id 5
stats
5, 20, 5, 1000, 100000
20220628-214721
loosing coalitions taken
[1, 4, 5, 17]
[1, 2, 6, 16]
[1, 3, 5, 23]
[3, 4, 5, 16, 27]
[1, 2, 7, 8, 24]
[2, 4, 5, 11, 19]
[2, 3, 4, 24]
[1, 4, 7, 9, 10]
[1, 5, 6, 9, 18]
[1, 3, 8, 9, 14]
[2, 4, 6, 14, 15]
[1, 2, 10, 11, 13]
[16, 17, 18, 19, 20, 21, 22, 23, 24, 25, 26, 27, 28]


5
process id 7
stats
5, 18, 6, 1000, 100000
20220628-214725
loosing coalitions taken
[1, 4, 8, 11, 12]
[1, 4, 6, 23]
[1, 2, 7, 11, 24]
[1, 2, 8, 9, 17]
[2, 3, 6, 18, 21]
[1, 3, 8, 14, 15]
[1, 3, 7, 9, 16]
[2, 4, 6, 7]
[1, 2, 6, 16]
[3, 4, 5, 16, 25]
[1, 3, 5, 21, 23]
[1, 4, 5, 13]
[2, 3, 4, 15, 17]
[16, 17, 18, 19, 20, 21, 22, 23, 24, 25, 26, 27, 28]


5
process id 9
stats
5, 16, 6, 1000, 100000
20220628-214734
loosing coalitions taken
[3, 5, 6, 7, 14]
[1, 4, 8, 10, 15]
[2, 3, 4, 27]
[1, 2, 7, 9, 18]
[1, 2, 8, 14, 20]
[1, 3, 5, 23]
[1, 4, 7, 11, 14]
[1, 4, 6, 12, 18]
[1, 2, 6, 19]
[2, 4, 5, 16, 20]
[1, 4, 5, 26]
[1, 3, 6, 16]
[3, 4, 5, 12, 21]
[16, 17, 18, 19, 20, 21, 22, 23, 24, 25, 26, 27, 28]


5
process id 10
stats
5, 15, 7, 1000, 100000
20220628-214746
loosing coalitions taken
[2, 3, 6, 9, 21]
[2, 4, 6, 13, 19]
[3, 5, 6, 7, 12]
[1, 4, 7, 9, 15]
[2, 3, 5, 10, 14]
[1, 3, 6, 13, 14]
[1, 3, 8, 12, 16]
[2, 3, 4, 26]
[1, 3, 7, 11, 23]
[1, 2, 6, 23, 24]
[1, 3, 5, 24]
[1, 2, 8, 11, 18]
[1, 2, 7, 10, 16]
[16, 17, 18, 19, 20, 21, 22, 23, 24, 25, 26, 27, 28]


5
process id 10
stats
5, 15, 7, 1000, 100000
20220628-214832
loosing coalitions taken
[2, 4, 5, 20]
[1, 4, 7, 11, 13]
[2, 3, 6, 17, 19]
[1, 3, 6, 15]
[1, 4, 8, 10, 14]
[1, 2, 7, 10, 27]
[1, 2, 9, 12, 13]
[2, 3, 7, 8, 9]
[1, 4, 6, 12]
[2, 3, 5, 25]
[3, 4, 5, 14, 26]
[1, 3, 5, 22, 24]
[1, 4, 5, 21, 23]
[16, 17, 18, 19, 20, 21, 22, 23, 24, 25, 26, 27, 28]


5
process id 12
stats
5, 13, 7, 1000, 100000
20220628-214954
loosing coalitions taken
[1, 3, 5, 20]
[2, 4, 5, 15]
[1, 2, 10, 11, 13]
[1, 2, 7, 12, 26]
[1, 2, 6, 23]
[3, 4, 6, 9, 22]
[1, 4, 8, 13, 14]
[1, 4, 7, 10, 16]
[1, 3, 8, 9, 16]
[1, 3, 6, 19, 27]
[2, 3, 4, 7]
[1, 4, 5, 22, 25]
[16, 17, 18, 19, 20, 21, 22, 23, 24, 25, 26, 27, 28]


5
process id 11
stats
5, 14, 7, 1000, 100000
20220628-215004
loosing coalitions taken
[1, 4, 5, 13, 17]
[2, 3, 5, 21, 22]
[1, 2, 5, 26]
[2, 4, 6, 12, 21]
[1, 4, 8, 11, 14]
[3, 4, 5, 11]
[1, 4, 7, 10, 16]
[1, 3, 6, 16, 20]
[2, 3, 6, 14, 17]
[1, 4, 6, 19, 27]
[1, 3, 7, 9, 17]
[2, 3, 7, 8, 10]
[1, 3, 8, 12, 18]
[16, 17, 18, 19, 20, 21, 22, 23, 24, 25, 26, 27, 28]


5
process id 10
stats
5, 15, 7, 1000, 100000
20220628-215029
loosing coalitions taken
[1, 2, 7, 9]
[2, 4, 6, 13, 22]
[2, 3, 5, 21]
[1, 3, 6, 20]
[1, 3, 8, 10, 18]
[1, 3, 4, 27, 28]
[1, 4, 6, 24]
[1, 2, 6, 25]
[1, 2, 5, 14]
[1, 3, 5, 23]
[1, 4, 7, 8]
[2, 4, 5, 11]
[16, 17, 18, 19, 20, 21, 22, 23, 24, 25, 26, 27, 28]


5
process id 10
stats
5, 15, 7, 1000, 100000
20220628-215056
loosing coalitions taken
[1, 4, 8, 10, 15]
[2, 4, 5, 10, 23]
[3, 4, 5, 12]
[1, 3, 6, 14, 25]
[2, 3, 6, 13]
[1, 5, 6, 15, 20]
[1, 3, 8, 11, 16]
[1, 3, 7, 9, 18]
[1, 4, 7, 14, 16]
[1, 2, 5, 16, 26]
[1, 2, 4, 18]
[16, 17, 18, 19, 20, 21, 22, 23, 24, 25, 26, 27, 28]


5
process id 7
stats
5, 18, 6, 1000, 100000
20220628-215106
loosing coalitions taken
[1, 2, 8, 10, 11]
[1, 2, 7, 9, 27]
[1, 4, 7, 11, 16]
[2, 3, 4, 20, 26]
[2, 4, 5, 8, 22]
[3, 4, 6, 7]
[1, 2, 6, 22]
[1, 4, 8, 9, 14]
[1, 4, 5, 25]
[1, 3, 6, 16]
[1, 3, 7, 10, 13]
[2, 3, 6, 14, 24]
[1, 2, 5, 17]
[3, 4, 5, 18, 24]
[16, 17, 18, 19, 20, 21, 22, 23, 24, 25, 26, 27, 28]


5
process id 8
stats
5, 17, 6, 1000, 100000
20220628-215110
loosing coalitions taken
[3, 5, 6, 7, 13]
[2, 4, 6, 12, 13]
[1, 4, 5, 25]
[3, 4, 6, 8]
[1, 3, 7, 10, 14]
[1, 2, 7, 11, 20]
[1, 2, 8, 9, 16]
[2, 3, 5, 23]
[1, 3, 5, 16]
[2, 3, 6, 11, 25]
[1, 4, 6, 20]
[2, 4, 5, 10, 18]
[1, 2, 5, 17, 24]
[16, 17, 18, 19, 20, 21, 22, 23, 24, 25, 26, 27, 28]


5
process id 9
stats
5, 16, 6, 1000, 100000
20220628-215113
loosing coalitions taken
[2, 4, 6, 7]
[1, 4, 8, 13, 14]
[2, 3, 5, 24]
[1, 4, 5, 23]
[1, 3, 6, 17]
[1, 3, 5, 20, 25]
[2, 4, 5, 14]
[1, 2, 4, 19]
[2, 3, 6, 14]
[1, 4, 6, 26]
[1, 2, 7, 9]
[16, 17, 18, 19, 20, 21, 22, 23, 24, 25, 26, 27, 28]


5
process id 12
stats
5, 13, 7, 1000, 100000
20220628-215118
loosing coalitions taken
[1, 4, 6, 28]
[1, 3, 7, 12, 18]
[1, 2, 10, 11, 12]
[3, 4, 5, 7, 14]
[2, 4, 5, 15, 26]
[1, 2, 7, 15, 19]
[1, 3, 5, 24]
[2, 3, 4, 16, 17]
[2, 3, 6, 11, 13]
[2, 5, 6, 8, 10]
[1, 2, 8, 13, 20]
[16, 17, 18, 19, 20, 21, 22, 23, 24, 25, 26, 27, 28]


5
process id 15
stats
5, 10, 8, 1000, 100000
20220628-215225
loosing coalitions taken
[1, 3, 5, 25]
[2, 4, 5, 10, 11]
[1, 2, 9, 11, 13]
[1, 2, 7, 15, 19]
[1, 4, 7, 9, 17]
[1, 4, 6, 22]
[2, 3, 4, 20, 28]
[2, 3, 6, 12]
[1, 2, 8, 10, 14]
[16, 17, 18, 19, 20, 21, 22, 23, 24, 25, 26, 27, 28]


5
process id 14
stats
5, 11, 7, 1000, 100000
20220628-215228
loosing coalitions taken
[1, 4, 6, 15]
[1, 2, 8, 10, 11]
[1, 2, 7, 14, 22]
[2, 4, 5, 8, 19]
[2, 3, 4, 23]
[1, 2, 9, 12, 13]
[1, 2, 5, 25]
[1, 3, 8, 12, 14]
[1, 3, 7, 11, 16]
[3, 5, 6, 7, 12]
[16, 17, 18, 19, 20, 21, 22, 23, 24, 25, 26, 27, 28]


5
process id 14
stats
5, 11, 7, 1000, 100000
20220628-215239
loosing coalitions taken
[1, 4, 5, 26]
[1, 2, 8, 9, 18]
[2, 3, 5, 22, 23]
[1, 3, 7, 10, 24]
[3, 4, 6, 12, 16]
[1, 3, 6, 28]
[2, 4, 6, 7, 9]
[2, 3, 4, 8, 15]
[1, 2, 7, 16, 17]
[16, 17, 18, 19, 20, 21, 22, 23, 24, 25, 26, 27, 28]


5
process id 8
stats
5, 17, 6, 1000, 100000
20220628-215251
loosing coalitions taken
[1, 4, 8, 9, 14]
[1, 2, 7, 14, 21]
[2, 3, 7, 8, 10]
[1, 2, 8, 11, 16]
[2, 3, 5, 18]
[1, 3, 7, 13, 15]
[1, 2, 9, 10, 12]
[1, 3, 8, 12, 19]
[1, 4, 5, 13, 23]
[2, 4, 5, 17, 21]
[2, 5, 6, 7, 15]
[1, 3, 6, 14]
[1, 5, 6, 9, 25]
[16, 17, 18, 19, 20, 21, 22, 23, 24, 25, 26, 27, 28]


5
process id 10
stats
5, 15, 7, 1000, 100000
20220628-215300
loosing coalitions taken
[1, 2, 8, 10, 13]
[1, 2, 9, 12, 14]
[1, 2, 7, 11, 24]
[1, 4, 5, 14]
[2, 3, 5, 20]
[1, 2, 6, 26]
[1, 3, 7, 16, 18]
[1, 3, 9, 10, 11]
[2, 3, 6, 7]
[1, 3, 5, 13]
[1, 4, 6, 18]
[3, 4, 5, 9, 12]
[1, 3, 6, 25]
[16, 17, 18, 19, 20, 21, 22, 23, 24, 25, 26, 27, 28]


5
process id 5
stats
5, 20, 5, 1000, 100000
20220628-215314
loosing coalitions taken
[2, 3, 5, 22, 28]
[2, 3, 6, 12]
[3, 4, 6, 10, 21]
[3, 4, 5, 15]
[1, 5, 6, 7]
[1, 4, 5, 24]
[1, 2, 8, 9, 10]
[2, 4, 5, 11]
[1, 3, 5, 8, 12]
[1, 3, 6, 17]
[2, 3, 4, 19]
[1, 2, 7, 12, 19]
[1, 4, 8, 11, 14]
[1, 2, 5, 25]
[1, 3, 7, 10, 11]
[16, 17, 18, 19, 20, 21, 22, 23, 24, 25, 26, 27, 28]


5
process id 7
stats
5, 18, 6, 1000, 100000
20220628-215318
loosing coalitions taken
[1, 2, 7, 15, 20]
[2, 3, 6, 12]
[1, 3, 8, 11, 17]
[1, 3, 5, 23]
[2, 4, 5, 9, 26]
[2, 3, 4, 17, 21]
[2, 4, 6, 11, 16]
[1, 4, 6, 20]
[2, 3, 5, 11, 27]
[1, 5, 6, 13, 24]
[1, 2, 6, 19]
[16, 17, 18, 19, 20, 21, 22, 23, 24, 25, 26, 27, 28]


5
process id 10
stats
5, 15, 7, 1000, 100000
20220628-215335
loosing coalitions taken
[3, 5, 6, 7, 11]
[1, 3, 8, 13, 14]
[3, 4, 5, 12, 26]
[1, 3, 7, 15, 20]
[1, 3, 6, 28]
[1, 4, 7, 11, 14]
[1, 2, 7, 12, 26]
[1, 4, 5, 22, 27]
[1, 2, 8, 9, 20]
[2, 5, 6, 8, 12]
[1, 2, 10, 11, 13]
[2, 3, 4, 14, 19]
[2, 4, 5, 20]
[16, 17, 18, 19, 20, 21, 22, 23, 24, 25, 26, 27, 28]


5
process id 7
stats
5, 18, 6, 1000, 100000
20220628-215355
loosing coalitions taken
[1, 2, 8, 11, 17]
[1, 3, 7, 12, 16]
[1, 3, 8, 10, 18]
[1, 4, 6, 10]
[1, 2, 7, 13, 24]
[1, 3, 5, 11, 21]
[2, 4, 5, 12, 15]
[3, 4, 5, 14]
[1, 2, 5, 20]
[2, 3, 4, 28]
[2, 3, 5, 25]
[2, 3, 6, 13, 22]
[1, 3, 6, 23, 28]
[1, 5, 6, 7]
[16, 17, 18, 19, 20, 21, 22, 23, 24, 25, 26, 27, 28]


5
process id 13
stats
5, 12, 7, 1000, 100000
20220628-215356
loosing coalitions taken
[1, 4, 7, 11, 15]
[1, 3, 7, 12, 18]
[1, 4, 6, 18, 21]
[1, 2, 6, 7, 10]
[2, 3, 6, 11]
[1, 2, 8, 14, 19]
[2, 4, 5, 20]
[1, 4, 8, 10, 13]
[1, 3, 4, 27]
[1, 5, 6, 16, 19]
[16, 17, 18, 19, 20, 21, 22, 23, 24, 25, 26, 27, 28]


5
process id 14
stats
5, 11, 7, 1000, 100000
20220628-215408
loosing coalitions taken
[3, 5, 6, 7, 15]
[1, 4, 5, 12, 14]
[1, 3, 5, 26]
[2, 4, 5, 9, 22]
[1, 2, 7, 13, 22]
[1, 2, 8, 12, 16]
[1, 2, 6, 27, 28]
[1, 4, 6, 15]
[2, 3, 4, 27]
[1, 2, 9, 10, 11]
[16, 17, 18, 19, 20, 21, 22, 23, 24, 25, 26, 27, 28]


5
process id 13
stats
5, 12, 7, 1000, 100000
20220628-215432
loosing coalitions taken
[1, 5, 6, 7, 10]
[1, 2, 8, 14, 20]
[1, 4, 6, 26]
[1, 2, 7, 12, 19]
[1, 3, 7, 14, 22]
[1, 2, 5, 21, 23]
[2, 3, 6, 7]
[1, 3, 8, 12, 16]
[1, 2, 10, 11, 13]
[3, 4, 5, 8, 19]
[1, 3, 5, 28]
[16, 17, 18, 19, 20, 21, 22, 23, 24, 25, 26, 27, 28]


5
process id 12
stats
5, 13, 7, 1000, 100000
20220628-215441
loosing coalitions taken
[1, 4, 6, 12, 24]
[2, 3, 6, 10]
[2, 4, 5, 18]
[1, 4, 7, 9, 11]
[1, 2, 7, 12, 19]
[1, 2, 8, 11, 16]
[1, 4, 8, 10, 13]
[1, 3, 7, 13, 21]
[1, 3, 5, 17, 19]
[1, 3, 4, 20, 27]
[1, 5, 6, 9, 21]
[1, 3, 8, 9, 15]
[16, 17, 18, 19, 20, 21, 22, 23, 24, 25, 26, 27, 28]


5
process id 12
stats
5, 13, 7, 1000, 100000
20220628-215517
loosing coalitions taken
[1, 3, 6, 27]
[1, 2, 10, 11, 13]
[1, 4, 7, 9, 10]
[2, 4, 6, 12, 18]
[1, 4, 8, 11, 14]
[2, 5, 6, 7, 16]
[1, 2, 7, 14, 18]
[2, 3, 5, 15, 28]
[3, 4, 5, 9, 18]
[2, 3, 7, 8, 10]
[1, 4, 5, 26]
[1, 2, 8, 9, 16]
[16, 17, 18, 19, 20, 21, 22, 23, 24, 25, 26, 27, 28]


5
process id 6
stats
5, 19, 6, 1000, 100000
20220628-215542
loosing coalitions taken
[1, 3, 7, 11, 23]
[1, 3, 8, 14, 16]
[1, 2, 9, 12, 13]
[1, 2, 6, 25, 26]
[1, 2, 7, 8]
[3, 4, 5, 11, 25]
[2, 3, 6, 10, 27]
[2, 4, 6, 13, 14]
[2, 3, 4, 22]
[2, 3, 5, 16]
[2, 4, 5, 17, 18]
[1, 3, 5, 26]
[1, 4, 6, 7]
[16, 17, 18, 19, 20, 21, 22, 23, 24, 25, 26, 27, 28]


5
process id 9
stats
5, 16, 6, 1000, 100000
20220628-215601
loosing coalitions taken
[1, 4, 7, 8]
[1, 2, 10, 12, 13]
[3, 5, 6, 7, 10]
[3, 4, 6, 12, 20]
[1, 3, 9, 10, 11]
[2, 3, 6, 8, 14]
[1, 5, 6, 14, 19]
[1, 3, 6, 25]
[2, 4, 5, 19, 26]
[3, 4, 5, 16, 21]
[2, 4, 6, 10, 22]
[2, 3, 4, 28]
[1, 2, 5, 23]
[16, 17, 18, 19, 20, 21, 22, 23, 24, 25, 26, 27, 28]


5
process id 13
stats
5, 12, 7, 1000, 100000
20220628-215602
loosing coalitions taken
[1, 3, 8, 14, 16]
[1, 4, 6, 9]
[3, 4, 5, 8, 22]
[2, 3, 4, 19, 27]
[1, 3, 7, 11, 18]
[2, 3, 6, 10]
[1, 2, 5, 14, 25]
[1, 3, 5, 26]
[2, 4, 5, 17, 23]
[1, 2, 8, 13, 20]
[1, 2, 7, 16, 17]
[16, 17, 18, 19, 20, 21, 22, 23, 24, 25, 26, 27, 28]


5
process id 9
stats
5, 16, 6, 1000, 100000
20220628-215611
loosing coalitions taken
[2, 3, 6, 10, 26]
[2, 3, 5, 24]
[2, 4, 6, 8, 27]
[1, 5, 6, 11, 17]
[1, 2, 7, 11, 27]
[1, 2, 8, 14, 17]
[1, 3, 7, 13, 14]
[1, 4, 7, 10, 18]
[1, 3, 6, 18, 19]
[1, 3, 8, 9, 11]
[1, 4, 6, 15, 26]
[1, 4, 5, 28]
[16, 17, 18, 19, 20, 21, 22, 23, 24, 25, 26, 27, 28]


5
process id 6
stats
5, 19, 6, 1000, 100000
20220628-215630
loosing coalitions taken
[1, 2, 8, 12, 21]
[2, 3, 4, 24]
[1, 2, 7, 11, 16]
[1, 2, 6, 23]
[1, 3, 5, 17]
[3, 4, 5, 7, 18]
[1, 4, 5, 15]
[2, 3, 5, 23]
[1, 4, 6, 20]
[1, 3, 6, 22]
[1, 3, 8, 9, 14]
[2, 3, 6, 11]
[1, 5, 6, 8]
[16, 17, 18, 19, 20, 21, 22, 23, 24, 25, 26, 27, 28]


5
process id 7
stats
5, 18, 6, 1000, 100000
20220628-215641
loosing coalitions taken
[1, 3, 8, 12, 13]
[2, 3, 5, 10]
[1, 2, 8, 14, 19]
[1, 2, 9, 11, 12]
[2, 4, 6, 12, 16]
[2, 4, 5, 18]
[1, 5, 6, 7]
[2, 3, 4, 17]
[1, 4, 6, 11]
[1, 2, 6, 18]
[3, 4, 5, 12]
[2, 3, 6, 13]
[1, 3, 5, 22]
[16, 17, 18, 19, 20, 21, 22, 23, 24, 25, 26, 27, 28]


5
process id 9
stats
5, 16, 6, 1000, 100000
20220628-215715
loosing coalitions taken
[1, 2, 8, 12, 20]
[1, 4, 7, 12, 16]
[2, 3, 7, 8, 10]
[1, 4, 8, 10, 15]
[2, 3, 5, 16, 20]
[1, 2, 5, 17]
[2, 4, 6, 11, 20]
[2, 3, 6, 9, 14]
[1, 3, 6, 11, 15]
[1, 3, 7, 13, 21]
[1, 4, 6, 13]
[1, 3, 8, 9, 18]
[3, 4, 5, 14, 18]
[2, 3, 4, 27]
[16, 17, 18, 19, 20, 21, 22, 23, 24, 25, 26, 27, 28]


5
process id 6
stats
5, 19, 6, 1000, 100000
20220628-215723
loosing coalitions taken
[1, 2, 8, 10, 18]
[1, 4, 5, 24]
[3, 5, 6, 7, 15]
[2, 3, 4, 26]
[1, 3, 7, 13, 20]
[2, 4, 5, 15]
[1, 3, 5, 19]
[1, 2, 7, 9]
[1, 2, 5, 16]
[3, 4, 5, 21, 23]
[2, 3, 6, 9, 21]
[1, 3, 6, 26]
[1, 5, 6, 8]
[16, 17, 18, 19, 20, 21, 22, 23, 24, 25, 26, 27, 28]


5
process id 13
stats
5, 12, 7, 1000, 100000
20220628-215728
loosing coalitions taken
[1, 2, 6, 25]
[1, 3, 9, 10, 12]
[1, 4, 8, 10, 14]
[1, 3, 7, 11, 18]
[1, 4, 7, 12, 15]
[1, 4, 5, 28]
[3, 5, 6, 7, 15]
[3, 4, 6, 9, 16]
[2, 3, 5, 17, 20]
[2, 3, 4, 27]
[1, 3, 8, 15, 16]
[16, 17, 18, 19, 20, 21, 22, 23, 24, 25, 26, 27, 28]


5
process id 4
stats
5, 25, 5, 1000, 100000
20220628-215733
loosing coalitions taken
[2, 4, 6, 8, 24]
[2, 3, 4, 17]
[1, 2, 6, 26]
[1, 3, 5, 24]
[1, 4, 8, 11, 12]
[1, 3, 8, 10, 15]
[1, 2, 7, 8, 28]
[1, 4, 6, 17]
[1, 5, 6, 11, 25]
[1, 4, 5, 19]
[2, 3, 5, 9]
[1, 2, 10, 11, 13]
[1, 3, 7, 14, 17]
[3, 4, 5, 11]
[1, 4, 7, 9, 10]
[2, 3, 6, 12]
[3, 5, 6, 7, 13]
[16, 17, 18, 19, 20, 21, 22, 23, 24, 25, 26, 27, 28]


5
process id 8
stats
5, 17, 6, 1000, 100000
20220628-215734
loosing coalitions taken
[1, 3, 6, 27]
[2, 4, 6, 16, 18]
[1, 2, 7, 9]
[4, 5, 6, 7, 8]
[2, 3, 5, 14, 24]
[3, 4, 5, 10, 22]
[2, 3, 4, 13]
[2, 3, 6, 15, 21]
[1, 2, 8, 13, 14]
[1, 2, 6, 17]
[1, 4, 7, 11, 14]
[1, 2, 5, 15]
[1, 5, 6, 10, 25]
[1, 3, 7, 8]
[16, 17, 18, 19, 20, 21, 22, 23, 24, 25, 26, 27, 28]


5
process id 8
stats
5, 17, 6, 1000, 100000
20220628-215801
loosing coalitions taken
[3, 4, 6, 9, 18]
[3, 4, 5, 14, 20]
[2, 3, 5, 8, 25]
[1, 3, 5, 9, 26]
[1, 3, 7, 10, 18]
[1, 4, 5, 27]
[1, 3, 8, 14, 15]
[1, 2, 6, 20, 21]
[1, 3, 6, 13]
[1, 2, 8, 10, 17]
[2, 4, 6, 10, 19]
[1, 2, 9, 11, 14]
[1, 2, 7, 12, 24]
[2, 5, 6, 7, 15]
[16, 17, 18, 19, 20, 21, 22, 23, 24, 25, 26, 27, 28]


5
process id 5
stats
5, 20, 5, 1000, 100000
20220628-215822
loosing coalitions taken
[1, 3, 6, 9]
[1, 2, 6, 24]
[2, 4, 5, 20]
[2, 3, 5, 8]
[3, 4, 5, 16]
[1, 4, 6, 13, 23]
[2, 3, 4, 19]
[1, 3, 5, 25]
[1, 2, 8, 10, 13]
[2, 4, 6, 12, 18]
[1, 2, 9, 11, 12]
[1, 2, 7, 16, 21]
[16, 17, 18, 19, 20, 21, 22, 23, 24, 25, 26, 27, 28]


5
process id 12
stats
5, 13, 7, 1000, 100000
20220628-215855
loosing coalitions taken
[2, 3, 6, 12]
[1, 3, 8, 10, 18]
[1, 2, 5, 20, 22]
[1, 2, 8, 13, 14]
[1, 2, 7, 9, 17]
[3, 4, 5, 9, 16]
[2, 4, 5, 15]
[1, 3, 7, 14, 16]
[1, 3, 5, 13]
[1, 4, 6, 24, 27]
[1, 4, 7, 10, 11]
[16, 17, 18, 19, 20, 21, 22, 23, 24, 25, 26, 27, 28]


5
process id 7
stats
5, 18, 6, 1000, 100000
20220628-215858
loosing coalitions taken
[1, 3, 7, 10, 22]
[1, 3, 5, 24]
[1, 2, 7, 13, 23]
[1, 2, 8, 9, 19]
[1, 2, 10, 12, 14]
[2, 3, 5, 18]
[2, 3, 4, 8, 23]
[1, 2, 5, 17, 28]
[1, 4, 7, 8]
[2, 3, 6, 11]
[1, 5, 6, 9, 10]
[2, 4, 5, 15]
[1, 2, 6, 16, 25]
[16, 17, 18, 19, 20, 21, 22, 23, 24, 25, 26, 27, 28]


6
process id 11
stats
5, 14, 7, 1000, 100000
20220628-215909
loosing coalitions taken
[1, 4, 5, 22]
[2, 3, 4, 18]
[1, 3, 8, 12, 15]
[1, 2, 7, 14, 15]
[1, 3, 7, 13, 19]
[1, 3, 6, 25]
[1, 2, 8, 10, 19]
[1, 2, 9, 12, 13]
[1, 2, 6, 17]
[2, 3, 5, 24]
[3, 4, 6, 10, 13]
[1, 3, 4, 11]
[16, 17, 18, 19, 20, 21, 22, 23, 24, 25, 26, 27, 28]


5
process id 5
stats
5, 20, 5, 1000, 100000
20220628-215924
loosing coalitions taken
[2, 3, 4, 27]
[3, 4, 5, 15]
[2, 3, 5, 21]
[1, 2, 5, 18]
[1, 4, 6, 25]
[1, 4, 7, 10, 19]
[2, 4, 6, 11, 17]
[1, 2, 4, 23]
[1, 2, 9, 10, 13]
[1, 3, 5, 17, 27]
[1, 2, 7, 12, 17]
[3, 5, 6, 7, 12]
[2, 4, 5, 13]
[1, 2, 6, 20]
[16, 17, 18, 19, 20, 21, 22, 23, 24, 25, 26, 27, 28]


5
process id 9
stats
5, 16, 6, 1000, 100000
20220628-215928
loosing coalitions taken
[1, 2, 9, 10, 13]
[1, 4, 8, 11, 14]
[1, 3, 7, 14, 22]
[1, 4, 6, 24]
[1, 3, 5, 19, 25]
[1, 2, 7, 16, 21]
[1, 2, 8, 12, 18]
[1, 3, 8, 9, 20]
[3, 5, 6, 7, 9]
[2, 3, 5, 13, 26]
[2, 4, 5, 14, 27]
[1, 2, 3, 17, 27]
[2, 3, 6, 12]
[16, 17, 18, 19, 20, 21, 22, 23, 24, 25, 26, 27, 28]


5
process id 7
stats
5, 18, 6, 1000, 100000
20220628-215940
loosing coalitions taken
[1, 4, 7, 11, 12]
[2, 3, 7, 8, 10]
[2, 3, 4, 19]
[1, 4, 5, 16, 25]
[1, 4, 8, 13, 14]
[1, 3, 7, 9, 21]
[3, 5, 6, 7, 11]
[1, 2, 6, 26]
[3, 4, 5, 13]
[1, 2, 5, 28]
[2, 3, 5, 14, 18]
[2, 3, 6, 9, 22]
[1, 2, 10, 11, 14]
[16, 17, 18, 19, 20, 21, 22, 23, 24, 25, 26, 27, 28]


5
process id 13
stats
5, 12, 7, 1000, 100000
20220628-215957
loosing coalitions taken
[2, 3, 6, 18, 21]
[1, 4, 6, 28]
[1, 2, 7, 14, 24]
[1, 2, 8, 11, 15]
[2, 3, 4, 14, 20]
[2, 5, 6, 7, 15]
[2, 4, 5, 12]
[1, 2, 9, 10, 13]
[2, 3, 7, 8, 10]
[1, 3, 8, 9, 16]
[1, 3, 5, 22]
[16, 17, 18, 19, 20, 21, 22, 23, 24, 25, 26, 27, 28]


5
process id 11
stats
5, 14, 7, 1000, 100000
20220628-215957
loosing coalitions taken
[1, 2, 6, 18, 28]
[1, 2, 8, 15, 17]
[1, 4, 5, 25, 27]
[2, 3, 5, 23, 25]
[1, 2, 4, 21, 26]
[1, 4, 8, 11, 14]
[2, 4, 6, 13, 22]
[3, 4, 5, 15, 24]
[1, 2, 5, 19]
[1, 4, 7, 13, 15]
[2, 3, 4, 28]
[1, 3, 7, 8, 10]
[1, 3, 6, 27]
[16, 17, 18, 19, 20, 21, 22, 23, 24, 25, 26, 27, 28]


5
process id 14
stats
5, 11, 7, 1000, 100000
20220628-215958
loosing coalitions taken
[2, 3, 6, 12]
[2, 4, 5, 16, 22]
[1, 5, 6, 10, 18]
[1, 3, 4, 18, 20]
[1, 4, 6, 23, 25]
[1, 4, 5, 14]
[1, 2, 7, 16, 18]
[1, 3, 7, 13, 15]
[1, 3, 8, 11, 19]
[1, 2, 8, 9, 21]
[16, 17, 18, 19, 20, 21, 22, 23, 24, 25, 26, 27, 28]


5
process id 15
stats
5, 10, 8, 1000, 100000
20220628-220029
loosing coalitions taken
[1, 4, 6, 22]
[2, 3, 6, 10]
[1, 2, 9, 11, 12]
[1, 2, 8, 14, 19]
[1, 3, 7, 11, 14]
[1, 3, 5, 12, 20]
[3, 4, 5, 18, 27]
[2, 4, 5, 8, 12]
[1, 2, 5, 26]
[16, 17, 18, 19, 20, 21, 22, 23, 24, 25, 26, 27, 28]


5
process id 7
stats
5, 18, 6, 1000, 100000
20220628-220035
loosing coalitions taken
[2, 5, 6, 7, 10]
[1, 3, 6, 23]
[1, 4, 5, 27]
[1, 2, 8, 9, 18]
[1, 2, 7, 14, 24]
[2, 3, 4, 14]
[1, 2, 10, 12, 13]
[1, 4, 6, 10]
[1, 2, 6, 17]
[1, 2, 5, 22]
[1, 3, 5, 25]
[1, 3, 7, 8, 22]
[2, 3, 5, 16]
[2, 4, 5, 17, 25]
[16, 17, 18, 19, 20, 21, 22, 23, 24, 25, 26, 27, 28]


5
process id 10
stats
5, 15, 7, 1000, 100000
20220628-220036
loosing coalitions taken
[2, 3, 5, 17, 20]
[3, 4, 5, 11, 28]
[1, 4, 8, 9, 14]
[1, 4, 7, 12, 13]
[1, 4, 5, 24]
[2, 3, 7, 8, 9]
[1, 2, 10, 11, 13]
[2, 4, 6, 10, 12]
[1, 2, 7, 15, 22]
[2, 3, 4, 18]
[1, 2, 6, 25]
[3, 5, 6, 7, 13]
[1, 3, 8, 10, 19]
[16, 17, 18, 19, 20, 21, 22, 23, 24, 25, 26, 27, 28]


