Results

5
process id 5
stats
5, 13, 7, 1000, 1000000
20220706-185315
loosing coalitions taken
[1, 4, 6, 25]
[2, 3, 6, 15, 24]
[1, 2, 10, 12, 13]
[3, 5, 6, 7, 13]
[1, 3, 9, 10, 11]
[3, 4, 5, 15, 23]
[2, 4, 5, 14, 26]
[2, 3, 5, 18]
[1, 2, 7, 11, 24]
[1, 3, 7, 15, 17]
[1, 2, 8, 9, 15]
[1, 3, 8, 13, 14]
[16, 17, 18, 19, 20, 21, 22, 23, 24, 25, 26, 27, 28]


5
process id 3
stats
5, 15, 7, 1000, 1000000
20220706-185335
loosing coalitions taken
[2, 5, 6, 8, 12]
[1, 2, 7, 12, 20]
[1, 3, 8, 13, 15]
[1, 3, 7, 11, 18]
[1, 4, 7, 10, 15]
[1, 2, 8, 9, 21]
[2, 3, 6, 14, 21]
[2, 3, 7, 8, 10]
[1, 4, 6, 22]
[1, 3, 9, 10, 12]
[3, 4, 5, 15, 28]
[2, 3, 5, 19]
[1, 2, 10, 11, 14]
[16, 17, 18, 19, 20, 21, 22, 23, 24, 25, 26, 27, 28]


5
process id 2
stats
5, 16, 7, 1000, 1000000
20220706-185350
loosing coalitions taken
[1, 3, 7, 9, 22]
[1, 2, 7, 14, 17]
[1, 2, 8, 9, 16]
[3, 5, 6, 7, 12]
[1, 2, 10, 11, 12]
[1, 4, 6, 22, 27]
[3, 4, 6, 8, 24]
[1, 5, 6, 16, 20]
[1, 4, 8, 11, 13]
[1, 4, 7, 10, 16]
[2, 3, 6, 9, 25]
[1, 3, 8, 12, 19]
[3, 4, 5, 9]
[2, 4, 6, 13, 17]
[16, 17, 18, 19, 20, 21, 22, 23, 24, 25, 26, 27, 28]


5
process id 4
stats
5, 14, 7, 1000, 1000000
20220706-185423
loosing coalitions taken
[1, 2, 8, 15, 17]
[2, 5, 6, 7, 15]
[1, 2, 7, 9, 25]
[1, 3, 8, 11, 13]
[3, 4, 5, 17, 28]
[2, 3, 6, 12]
[1, 3, 7, 16, 17]
[2, 4, 5, 16, 25]
[1, 2, 10, 11, 14]
[1, 4, 6, 27, 28]
[1, 4, 7, 12, 15]
[1, 5, 6, 11, 21]
[1, 4, 8, 9, 14]
[16, 17, 18, 19, 20, 21, 22, 23, 24, 25, 26, 27, 28]


5
process id 3
stats
5, 15, 7, 1000, 1000000
20220706-185704
loosing coalitions taken
[2, 3, 6, 15, 24]
[1, 3, 8, 13, 16]
[1, 2, 7, 9, 25]
[1, 3, 7, 15, 20]
[1, 2, 8, 11, 21]
[1, 3, 9, 10, 11]
[1, 2, 10, 12, 14]
[3, 4, 5, 17, 25]
[2, 4, 5, 13]
[2, 3, 7, 8, 10]
[3, 4, 6, 11, 16]
[1, 5, 6, 8]
[1, 4, 7, 10, 18]
[16, 17, 18, 19, 20, 21, 22, 23, 24, 25, 26, 27, 28]


5
process id 4
stats
5, 14, 7, 1000, 1000000
20220706-185719
loosing coalitions taken
[2, 3, 6, 17, 20]
[1, 4, 8, 10, 13]
[2, 4, 5, 14]
[1, 2, 8, 9, 18]
[1, 4, 7, 12, 15]
[1, 5, 6, 10, 23]
[1, 2, 7, 13, 20]
[1, 3, 7, 16, 18]
[1, 4, 6, 25]
[1, 3, 8, 12, 14]
[2, 3, 7, 8, 10]
[1, 2, 10, 11, 12]
[16, 17, 18, 19, 20, 21, 22, 23, 24, 25, 26, 27, 28]


5
process id 1
stats
5, 17, 7, 1000, 1000000
20220706-185745
loosing coalitions taken
[2, 3, 6, 19, 21]
[1, 3, 7, 13, 15]
[3, 4, 6, 12, 14]
[1, 4, 6, 24, 26]
[2, 4, 6, 11, 17]
[1, 4, 8, 12, 13]
[1, 3, 9, 10, 12]
[1, 4, 7, 10, 14]
[1, 2, 9, 11, 13]
[3, 4, 5, 15]
[1, 2, 7, 17, 19]
[2, 3, 7, 8, 9]
[1, 5, 6, 13, 21]
[1, 2, 8, 10, 16]
[1, 3, 8, 11, 19]
[16, 17, 18, 19, 20, 21, 22, 23, 24, 25, 26, 27, 28]


6
process id 2
stats
5, 16, 7, 1000, 1000000
20220706-190002
loosing coalitions taken
[2, 3, 6, 15, 23]
[3, 5, 6, 7, 14]
[1, 2, 8, 10, 18]
[1, 2, 9, 12, 14]
[1, 4, 7, 10, 16]
[1, 2, 7, 11, 24]
[2, 3, 5, 27, 28]
[2, 4, 5, 16, 25]
[1, 5, 6, 12, 20]
[1, 3, 9, 10, 11]
[1, 3, 7, 12, 21]
[1, 4, 6, 25]
[3, 4, 5, 10]
[1, 3, 8, 14, 16]
[2, 5, 6, 8, 9]
[16, 17, 18, 19, 20, 21, 22, 23, 24, 25, 26, 27, 28]


5
process id 5
stats
5, 13, 7, 1000, 1000000
20220706-190002
loosing coalitions taken
[2, 3, 6, 19, 21]
[1, 3, 9, 10, 11]
[2, 4, 6, 11, 17]
[1, 2, 9, 12, 13]
[2, 4, 5, 18, 25]
[2, 3, 5, 20]
[1, 5, 6, 15, 16]
[3, 4, 6, 9, 16]
[1, 3, 7, 8, 27]
[1, 4, 6, 23]
[1, 2, 7, 10, 21]
[1, 2, 8, 11, 19]
[16, 17, 18, 19, 20, 21, 22, 23, 24, 25, 26, 27, 28]


5
process id 3
stats
5, 15, 7, 1000, 1000000
20220706-190011
loosing coalitions taken
[1, 3, 8, 15, 16]
[1, 4, 6, 22, 28]
[2, 3, 5, 20]
[2, 4, 6, 10, 21]
[1, 4, 8, 11, 12]
[3, 4, 6, 11, 15]
[4, 5, 6, 7, 8]
[1, 4, 7, 10, 16]
[1, 3, 7, 11, 18]
[1, 2, 8, 9, 22]
[1, 3, 9, 10, 12]
[1, 2, 7, 14, 17]
[1, 2, 10, 11, 13]
[16, 17, 18, 19, 20, 21, 22, 23, 24, 25, 26, 27, 28]


5
process id 4
stats
5, 14, 7, 1000, 1000000
20220706-190031
loosing coalitions taken
[1, 3, 9, 10, 12]
[1, 2, 7, 12, 26]
[3, 4, 5, 11, 27]
[2, 3, 5, 18]
[1, 3, 7, 11, 20]
[1, 2, 8, 9, 20]
[1, 2, 10, 11, 13]
[1, 3, 8, 13, 14]
[3, 4, 6, 9, 15]
[1, 4, 7, 8, 27]
[2, 4, 6, 12, 22]
[1, 5, 6, 10, 22]
[1, 4, 6, 28]
[16, 17, 18, 19, 20, 21, 22, 23, 24, 25, 26, 27, 28]


5
process id 0
stats
5, 18, 7, 1000, 1000000
20220706-190159
loosing coalitions taken
[1, 2, 8, 14, 19]
[2, 3, 5, 18]
[1, 4, 8, 9, 15]
[1, 4, 7, 10, 17]
[1, 4, 6, 23]
[1, 3, 7, 11, 23]
[2, 4, 5, 11]
[1, 3, 8, 12, 17]
[1, 2, 9, 10, 13]
[3, 4, 5, 15]
[1, 5, 6, 13, 19]
[2, 3, 6, 13, 26]
[1, 2, 7, 16, 20]
[2, 4, 6, 9, 18]
[2, 3, 7, 8, 9]
[16, 17, 18, 19, 20, 21, 22, 23, 24, 25, 26, 27, 28]


5
process id 2
stats
5, 16, 7, 1000, 1000000
20220706-190312
loosing coalitions taken
[2, 4, 5, 17]
[1, 2, 8, 10, 19]
[1, 2, 9, 12, 13]
[2, 3, 6, 13, 25]
[1, 5, 6, 15, 19]
[1, 3, 7, 12, 17]
[1, 4, 7, 13, 15]
[1, 3, 9, 10, 11]
[3, 5, 6, 7, 11]
[1, 3, 8, 13, 14]
[3, 4, 6, 14, 18]
[1, 4, 6, 22, 28]
[1, 4, 8, 11, 12]
[2, 3, 7, 8, 9]
[16, 17, 18, 19, 20, 21, 22, 23, 24, 25, 26, 27, 28]


5
process id 3
stats
5, 15, 7, 1000, 1000000
20220706-190342
loosing coalitions taken
[1, 3, 8, 10, 15]
[1, 3, 7, 14, 22]
[1, 2, 7, 13, 23]
[2, 3, 6, 9, 26]
[3, 5, 6, 7, 13]
[1, 2, 8, 11, 16]
[1, 4, 6, 23, 27]
[1, 4, 7, 12, 15]
[1, 5, 6, 16, 19]
[3, 4, 6, 11, 21]
[1, 4, 8, 9, 13]
[2, 3, 5, 22, 23]
[2, 4, 5, 15]
[1, 2, 9, 10, 14]
[16, 17, 18, 19, 20, 21, 22, 23, 24, 25, 26, 27, 28]


6
process id 4
stats
5, 14, 7, 1000, 1000000
20220706-190351
loosing coalitions taken
[1, 2, 8, 9, 22]
[1, 3, 7, 15, 21]
[2, 3, 6, 14]
[2, 4, 5, 16, 23]
[3, 4, 5, 13]
[1, 3, 9, 10, 11]
[1, 3, 8, 12, 18]
[1, 2, 7, 17, 19]
[1, 4, 6, 23, 28]
[1, 5, 6, 11, 21]
[1, 4, 8, 10, 14]
[1, 4, 7, 9, 18]
[1, 2, 10, 12, 13]
[16, 17, 18, 19, 20, 21, 22, 23, 24, 25, 26, 27, 28]


5
process id 5
stats
5, 13, 7, 1000, 1000000
20220706-190358
loosing coalitions taken
[1, 5, 6, 15, 20]
[1, 3, 8, 11, 19]
[2, 3, 6, 14, 25]
[2, 4, 5, 20]
[1, 4, 6, 28]
[1, 2, 9, 12, 14]
[1, 2, 7, 11, 22]
[1, 2, 8, 13, 16]
[3, 5, 6, 7, 11]
[2, 3, 7, 8, 9]
[1, 3, 7, 13, 17]
[16, 17, 18, 19, 20, 21, 22, 23, 24, 25, 26, 27, 28]


6
process id 1
stats
5, 17, 7, 1000, 1000000
20220706-190559
loosing coalitions taken
[3, 5, 6, 7, 11]
[1, 3, 9, 10, 11]
[1, 2, 10, 12, 14]
[1, 4, 6, 23]
[2, 3, 5, 18]
[1, 2, 8, 11, 15]
[1, 3, 7, 12, 20]
[1, 3, 8, 13, 14]
[1, 5, 6, 15, 19]
[3, 4, 5, 10]
[3, 4, 6, 13, 16]
[2, 4, 5, 11]
[2, 3, 6, 10, 23]
[1, 4, 7, 8]
[1, 2, 7, 9]
[2, 4, 6, 8]
[16, 17, 18, 19, 20, 21, 22, 23, 24, 25, 26, 27, 28]


5
process id 5
stats
5, 13, 7, 1000, 1000000
20220706-190716
loosing coalitions taken
[2, 3, 7, 8, 10]
[3, 4, 6, 12, 17]
[1, 4, 7, 11, 12]
[1, 2, 10, 12, 14]
[1, 2, 9, 11, 13]
[2, 3, 5, 20]
[1, 2, 7, 15, 17]
[2, 4, 6, 9, 18]
[1, 3, 7, 9, 16]
[1, 5, 6, 11, 17]
[1, 4, 6, 22]
[1, 3, 8, 11, 15]
[16, 17, 18, 19, 20, 21, 22, 23, 24, 25, 26, 27, 28]


5
process id 3
stats
5, 15, 7, 1000, 1000000
20220706-190746
loosing coalitions taken
[1, 3, 7, 15, 18]
[2, 4, 5, 13]
[1, 3, 8, 13, 14]
[1, 2, 8, 12, 19]
[1, 4, 6, 24, 25]
[1, 5, 6, 12, 23]
[1, 2, 7, 9, 20]
[1, 4, 7, 11, 17]
[1, 3, 9, 10, 12]
[1, 2, 10, 11, 14]
[2, 3, 6, 16, 24]
[3, 4, 6, 9, 17]
[3, 5, 6, 7, 11]
[1, 4, 8, 9, 15]
[16, 17, 18, 19, 20, 21, 22, 23, 24, 25, 26, 27, 28]


6
process id 4
stats
5, 14, 7, 1000, 1000000
20220706-190755
loosing coalitions taken
[1, 2, 7, 10, 19]
[2, 3, 7, 8, 9]
[1, 3, 7, 14, 18]
[2, 4, 6, 16, 18]
[1, 4, 6, 24]
[1, 3, 8, 11, 16]
[1, 2, 8, 15, 17]
[1, 2, 9, 11, 13]
[1, 3, 9, 10, 12]
[2, 5, 6, 7, 14]
[2, 3, 6, 10]
[2, 4, 5, 22, 23]
[3, 4, 5, 9]
[16, 17, 18, 19, 20, 21, 22, 23, 24, 25, 26, 27, 28]


5
process id 2
stats
5, 16, 7, 1000, 1000000
20220706-190855
loosing coalitions taken
[2, 4, 5, 19, 26]
[1, 3, 8, 9, 20]
[1, 2, 9, 10, 11]
[2, 5, 6, 7, 12]
[1, 5, 6, 11, 18]
[2, 4, 6, 10, 23]
[1, 4, 7, 8, 28]
[2, 3, 6, 11, 27]
[2, 3, 7, 8, 10]
[1, 2, 7, 14, 17]
[2, 3, 5, 21]
[1, 2, 8, 13, 16]
[3, 4, 6, 9, 22]
[1, 4, 6, 25]
[16, 17, 18, 19, 20, 21, 22, 23, 24, 25, 26, 27, 28]


5
process id 1
stats
5, 17, 7, 1000, 1000000
20220706-190924
loosing coalitions taken
[1, 4, 7, 13, 15]
[1, 3, 7, 11, 22]
[1, 2, 7, 10, 20]
[1, 2, 9, 11, 12]
[1, 3, 8, 9, 15]
[1, 2, 8, 13, 18]
[1, 5, 6, 11, 17]
[2, 4, 6, 9, 23]
[1, 4, 8, 11, 14]
[4, 5, 6, 7, 8]
[3, 4, 6, 14, 16]
[2, 4, 5, 21, 25]
[2, 3, 5, 19, 27]
[3, 4, 5, 13]
[2, 3, 6, 10]
[16, 17, 18, 19, 20, 21, 22, 23, 24, 25, 26, 27, 28]


5
process id 4
stats
5, 14, 7, 1000, 1000000
20220706-191046
loosing coalitions taken
[1, 4, 8, 11, 14]
[1, 5, 6, 10, 20]
[1, 2, 10, 11, 12]
[1, 2, 8, 9, 19]
[1, 3, 7, 11, 21]
[1, 2, 7, 14, 24]
[1, 4, 7, 9, 15]
[2, 3, 6, 10, 25]
[1, 4, 6, 23]
[1, 3, 8, 12, 16]
[3, 5, 6, 7, 9]
[3, 4, 5, 14]
[2, 5, 6, 8, 11]
[16, 17, 18, 19, 20, 21, 22, 23, 24, 25, 26, 27, 28]


6
process id 2
stats
5, 16, 7, 1000, 1000000
20220706-191313
loosing coalitions taken
[1, 2, 7, 14, 24]
[1, 3, 7, 16, 18]
[2, 3, 6, 13, 27]
[1, 5, 6, 12, 24]
[2, 5, 6, 7, 9]
[2, 3, 5, 22, 24]
[2, 4, 5, 20, 23]
[3, 4, 5, 15]
[1, 2, 10, 11, 13]
[1, 3, 9, 10, 12]
[1, 3, 8, 11, 19]
[1, 2, 8, 9, 18]
[1, 4, 7, 8]
[2, 4, 6, 16, 19]
[16, 17, 18, 19, 20, 21, 22, 23, 24, 25, 26, 27, 28]


5
process id 5
stats
5, 13, 7, 1000, 1000000
20220706-191342
loosing coalitions taken
[3, 4, 5, 12]
[1, 3, 8, 11, 19]
[1, 2, 7, 15, 19]
[1, 3, 7, 16, 17]
[1, 2, 8, 14, 17]
[1, 2, 10, 11, 12]
[1, 5, 6, 11, 20]
[2, 3, 6, 13, 22]
[2, 4, 6, 14, 15]
[2, 5, 6, 8, 10]
[1, 4, 6, 27]
[2, 3, 7, 8, 9]
[16, 17, 18, 19, 20, 21, 22, 23, 24, 25, 26, 27, 28]


5
process id 3
stats
5, 15, 7, 1000, 1000000
20220706-191407
loosing coalitions taken
[1, 2, 9, 11, 13]
[2, 3, 6, 14, 21]
[1, 2, 7, 12, 21]
[2, 3, 7, 8, 9]
[2, 4, 6, 9, 20]
[2, 4, 5, 13]
[3, 4, 6, 10, 19]
[1, 3, 7, 16, 18]
[1, 3, 9, 10, 12]
[1, 4, 7, 11, 17]
[1, 5, 6, 10, 24]
[1, 4, 6, 22]
[1, 2, 8, 14, 18]
[1, 3, 8, 13, 15]
[16, 17, 18, 19, 20, 21, 22, 23, 24, 25, 26, 27, 28]


5
process id 4
stats
5, 14, 7, 1000, 1000000
20220706-191530
loosing coalitions taken
[2, 3, 6, 14, 20]
[1, 3, 8, 12, 13]
[1, 2, 9, 10, 13]
[3, 5, 6, 7, 10]
[3, 4, 6, 12, 16]
[3, 4, 5, 15]
[2, 4, 6, 10, 19]
[1, 5, 6, 9, 17]
[2, 5, 6, 8, 11]
[1, 2, 7, 11, 23]
[1, 4, 8, 11, 14]
[1, 3, 7, 9, 19]
[16, 17, 18, 19, 20, 21, 22, 23, 24, 25, 26, 27, 28]


5
process id 1
stats
5, 17, 7, 1000, 1000000
20220706-191537
loosing coalitions taken
[1, 2, 10, 12, 14]
[3, 4, 5, 14, 25]
[1, 3, 8, 13, 16]
[1, 2, 7, 9, 26]
[1, 3, 7, 15, 21]
[2, 3, 6, 16, 17]
[3, 5, 6, 7, 12]
[1, 2, 8, 11, 21]
[1, 4, 6, 23, 25]
[1, 5, 6, 14, 20]
[1, 4, 7, 8, 22]
[3, 4, 6, 8, 26]
[2, 4, 5, 21, 28]
[2, 3, 5, 22]
[2, 4, 6, 9, 18]
[1, 3, 9, 10, 11]
[16, 17, 18, 19, 20, 21, 22, 23, 24, 25, 26, 27, 28]


6
process id 0
stats
5, 18, 7, 1000, 1000000
20220706-191540
loosing coalitions taken
[1, 2, 8, 11, 20]
[1, 3, 7, 12, 20]
[3, 5, 6, 7, 11]
[1, 2, 7, 9, 23]
[1, 3, 8, 13, 14]
[1, 5, 6, 14, 18]
[2, 4, 6, 14, 21]
[2, 3, 6, 17, 18]
[1, 2, 10, 12, 13]
[2, 5, 6, 8, 9]
[1, 3, 9, 10, 11]
[1, 4, 6, 23, 28]
[1, 4, 7, 8, 27]
[2, 4, 5, 15, 27]
[2, 3, 5, 19, 25]
[3, 4, 5, 14]
[16, 17, 18, 19, 20, 21, 22, 23, 24, 25, 26, 27, 28]


5
process id 5
stats
5, 13, 7, 1000, 1000000
20220706-191809
loosing coalitions taken
[1, 2, 7, 11, 17]
[1, 2, 8, 13, 15]
[2, 3, 5, 25]
[1, 4, 7, 9, 19]
[1, 2, 10, 12, 14]
[1, 3, 8, 9, 16]
[1, 3, 7, 14, 20]
[1, 5, 6, 13, 17]
[2, 4, 6, 13, 22]
[3, 4, 6, 11, 19]
[1, 4, 8, 11, 14]
[1, 4, 6, 26]
[16, 17, 18, 19, 20, 21, 22, 23, 24, 25, 26, 27, 28]


5
process id 2
stats
5, 16, 7, 1000, 1000000
20220706-191839
loosing coalitions taken
[1, 3, 7, 14, 20]
[1, 2, 8, 14, 19]
[1, 2, 7, 10, 26]
[1, 3, 8, 13, 16]
[2, 4, 6, 10, 16]
[1, 4, 7, 9, 17]
[3, 4, 6, 9, 18]
[2, 4, 5, 11]
[2, 3, 6, 13, 24]
[2, 3, 7, 8, 9]
[1, 4, 8, 10, 15]
[1, 5, 6, 9, 26]
[1, 4, 6, 23]
[16, 17, 18, 19, 20, 21, 22, 23, 24, 25, 26, 27, 28]


6
process id 3
stats
5, 15, 7, 1000, 1000000
20220706-191841
loosing coalitions taken
[1, 4, 6, 23]
[2, 3, 5, 17, 28]
[1, 3, 8, 12, 13]
[1, 2, 8, 11, 19]
[1, 2, 7, 16, 21]
[2, 5, 6, 8, 10]
[2, 3, 7, 8, 9]
[3, 4, 5, 9, 27]
[3, 5, 6, 7, 15]
[1, 3, 7, 14, 19]
[2, 3, 6, 18, 20]
[1, 2, 9, 12, 14]
[2, 4, 5, 15]
[1, 3, 9, 10, 11]
[16, 17, 18, 19, 20, 21, 22, 23, 24, 25, 26, 27, 28]


5
process id 4
stats
5, 14, 7, 1000, 1000000
20220706-191954
loosing coalitions taken
[2, 4, 6, 12, 18]
[1, 2, 9, 11, 13]
[3, 4, 6, 14, 17]
[1, 3, 8, 11, 17]
[1, 3, 9, 10, 12]
[1, 4, 6, 24]
[1, 2, 8, 12, 14]
[1, 2, 7, 15, 17]
[1, 3, 7, 13, 16]
[3, 4, 5, 11, 28]
[2, 4, 5, 20]
[2, 3, 6, 13, 26]
[3, 5, 6, 7, 12]
[16, 17, 18, 19, 20, 21, 22, 23, 24, 25, 26, 27, 28]


5
process id 1
stats
5, 17, 7, 1000, 1000000
20220706-192021
loosing coalitions taken
[1, 3, 8, 12, 17]
[1, 3, 7, 16, 19]
[1, 2, 8, 13, 20]
[1, 2, 9, 10, 11]
[1, 4, 6, 23, 27]
[2, 3, 6, 15, 18]
[1, 4, 8, 11, 14]
[3, 4, 6, 9, 19]
[1, 4, 7, 9, 13]
[2, 3, 7, 8, 9]
[1, 2, 7, 14, 24]
[1, 5, 6, 10, 26]
[2, 4, 5, 18, 24]
[2, 3, 5, 17, 25]
[3, 4, 5, 12]
[16, 17, 18, 19, 20, 21, 22, 23, 24, 25, 26, 27, 28]


5
process id 5
stats
5, 13, 7, 1000, 1000000
20220706-192105
loosing coalitions taken
[1, 5, 6, 16, 18]
[1, 4, 6, 24]
[1, 2, 7, 10, 25]
[3, 4, 5, 16]
[1, 2, 8, 12, 18]
[1, 3, 7, 14, 20]
[1, 3, 8, 11, 17]
[1, 3, 9, 10, 12]
[2, 3, 6, 13, 20]
[1, 2, 9, 11, 13]
[2, 3, 7, 8, 9]
[2, 5, 6, 7, 12]
[16, 17, 18, 19, 20, 21, 22, 23, 24, 25, 26, 27, 28]


5
process id 4
stats
5, 14, 7, 1000, 1000000
20220706-192243
loosing coalitions taken
[3, 4, 5, 15, 23]
[1, 5, 6, 10, 21]
[1, 3, 7, 11, 22]
[2, 3, 6, 9, 27]
[2, 4, 6, 15, 21]
[2, 4, 5, 19]
[1, 2, 7, 9, 20]
[1, 4, 6, 24]
[1, 2, 8, 11, 14]
[1, 3, 8, 9, 19]
[3, 5, 6, 7, 13]
[2, 3, 7, 8, 10]
[1, 2, 10, 12, 13]
[16, 17, 18, 19, 20, 21, 22, 23, 24, 25, 26, 27, 28]


5
process id 2
stats
5, 16, 7, 1000, 1000000
20220706-192322
loosing coalitions taken
[1, 4, 7, 11, 16]
[2, 3, 6, 17, 21]
[1, 5, 6, 16, 20]
[1, 4, 6, 24, 27]
[1, 2, 9, 11, 14]
[1, 2, 10, 12, 13]
[2, 4, 6, 13, 16]
[2, 5, 6, 8, 9]
[1, 2, 8, 15, 16]
[1, 2, 7, 17, 18]
[1, 3, 7, 15, 19]
[1, 4, 8, 12, 14]
[2, 4, 5, 14]
[3, 4, 6, 8]
[16, 17, 18, 19, 20, 21, 22, 23, 24, 25, 26, 27, 28]


5
process id 3
stats
5, 15, 7, 1000, 1000000
20220706-192329
loosing coalitions taken
[1, 3, 8, 10, 19]
[2, 5, 6, 7, 13]
[1, 2, 8, 14, 16]
[1, 2, 9, 11, 12]
[2, 3, 7, 8, 9]
[1, 3, 7, 11, 20]
[1, 4, 6, 27, 28]
[1, 4, 7, 8]
[1, 5, 6, 12, 16]
[2, 4, 5, 18, 23]
[3, 4, 5, 12]
[2, 4, 6, 14, 20]
[2, 3, 6, 10]
[16, 17, 18, 19, 20, 21, 22, 23, 24, 25, 26, 27, 28]


5
process id 5
stats
5, 13, 7, 1000, 1000000
20220706-192355
loosing coalitions taken
[1, 5, 6, 15, 19]
[2, 3, 6, 14, 23]
[1, 3, 9, 10, 12]
[2, 4, 5, 18, 28]
[2, 3, 5, 21, 26]
[1, 2, 7, 12, 23]
[1, 4, 7, 9, 14]
[3, 4, 5, 9]
[1, 4, 8, 10, 11]
[1, 4, 6, 27]
[1, 3, 7, 15, 18]
[1, 2, 8, 13, 17]
[16, 17, 18, 19, 20, 21, 22, 23, 24, 25, 26, 27, 28]


5
process id 4
stats
5, 14, 7, 1000, 1000000
20220706-192548
loosing coalitions taken
[2, 3, 7, 8, 9]
[2, 4, 5, 21, 22]
[3, 4, 6, 13, 21]
[1, 3, 7, 14, 20]
[1, 2, 7, 15, 21]
[2, 3, 5, 25]
[1, 2, 8, 10, 17]
[1, 3, 8, 13, 16]
[1, 2, 9, 11, 14]
[1, 5, 6, 14, 16]
[2, 4, 6, 12, 18]
[1, 4, 7, 9, 13]
[1, 4, 6, 25]
[16, 17, 18, 19, 20, 21, 22, 23, 24, 25, 26, 27, 28]


5
process id 3
stats
5, 15, 7, 1000, 1000000
20220706-192630
loosing coalitions taken
[1, 2, 7, 10, 18]
[3, 4, 5, 14, 26]
[1, 2, 8, 13, 20]
[1, 2, 9, 11, 14]
[2, 3, 6, 12, 21]
[1, 3, 7, 9, 24]
[2, 4, 5, 20, 23]
[2, 3, 5, 18, 27]
[2, 5, 6, 8, 10]
[1, 3, 8, 11, 16]
[3, 4, 6, 9, 18]
[1, 5, 6, 12, 18]
[1, 4, 7, 13, 14]
[16, 17, 18, 19, 20, 21, 22, 23, 24, 25, 26, 27, 28]


5
process id 1
stats
5, 17, 7, 1000, 1000000
20220706-192644
loosing coalitions taken
[1, 2, 7, 11, 17]
[1, 4, 8, 11, 14]
[1, 2, 8, 15, 16]
[2, 3, 6, 15, 24]
[1, 4, 6, 25, 28]
[1, 3, 7, 13, 20]
[1, 4, 7, 12, 15]
[1, 5, 6, 16, 18]
[3, 4, 6, 13, 16]
[1, 3, 8, 12, 17]
[3, 5, 6, 7, 11]
[3, 4, 5, 10]
[2, 4, 6, 9, 22]
[1, 2, 9, 10, 12]
[2, 5, 6, 8, 12]
[16, 17, 18, 19, 20, 21, 22, 23, 24, 25, 26, 27, 28]


5
process id 5
stats
5, 13, 7, 1000, 1000000
20220706-192723
loosing coalitions taken
[2, 3, 6, 9, 22]
[1, 4, 6, 25, 27]
[1, 2, 8, 10, 18]
[1, 3, 7, 14, 15]
[2, 4, 5, 19]
[3, 4, 6, 8, 24]
[1, 5, 6, 11, 18]
[1, 3, 9, 10, 12]
[1, 2, 7, 9, 26]
[1, 4, 7, 8, 20]
[3, 5, 6, 7, 13]
[1, 3, 8, 13, 16]
[16, 17, 18, 19, 20, 21, 22, 23, 24, 25, 26, 27, 28]


5
process id 2
stats
5, 16, 7, 1000, 1000000
20220706-192726
loosing coalitions taken
[1, 2, 7, 10, 24]
[3, 5, 6, 7, 15]
[1, 3, 7, 14, 20]
[1, 2, 9, 11, 14]
[2, 5, 6, 8, 10]
[2, 3, 6, 14, 28]
[1, 3, 9, 10, 12]
[1, 3, 8, 11, 15]
[2, 3, 5, 25]
[1, 2, 8, 12, 19]
[1, 5, 6, 13, 22]
[1, 4, 7, 8, 27]
[1, 4, 6, 24]
[16, 17, 18, 19, 20, 21, 22, 23, 24, 25, 26, 27, 28]


5
process id 0
stats
5, 18, 7, 1000, 1000000
20220706-192806
loosing coalitions taken
[1, 4, 6, 26, 28]
[2, 4, 6, 12, 20]
[2, 3, 6, 16, 24]
[1, 5, 6, 14, 18]
[1, 4, 8, 10, 12]
[1, 2, 9, 12, 13]
[1, 3, 8, 13, 16]
[1, 3, 7, 12, 17]
[1, 4, 7, 9, 16]
[1, 2, 8, 11, 14]
[1, 3, 9, 10, 11]
[2, 3, 5, 22, 26]
[3, 4, 6, 13, 19]
[3, 5, 6, 7, 10]
[2, 4, 5, 13]
[2, 3, 7, 8, 9]
[16, 17, 18, 19, 20, 21, 22, 23, 24, 25, 26, 27, 28]


5
process id 4
stats
5, 14, 7, 1000, 1000000
20220706-192945
loosing coalitions taken
[1, 2, 7, 12, 23]
[2, 3, 7, 8, 9]
[3, 5, 6, 7, 15]
[2, 3, 5, 21, 26]
[2, 5, 6, 8, 11]
[2, 4, 5, 13]
[1, 3, 8, 14, 15]
[2, 3, 6, 12]
[1, 4, 7, 9, 15]
[1, 4, 6, 24]
[1, 2, 8, 10, 19]
[1, 2, 9, 11, 14]
[16, 17, 18, 19, 20, 21, 22, 23, 24, 25, 26, 27, 28]


5
process id 3
stats
5, 15, 7, 1000, 1000000
20220706-193051
loosing coalitions taken
[2, 3, 6, 9, 25]
[1, 2, 7, 13, 24]
[1, 2, 9, 11, 14]
[1, 3, 7, 11, 19]
[2, 3, 5, 19, 27]
[2, 5, 6, 7, 15]
[3, 4, 5, 12]
[1, 3, 8, 9, 18]
[2, 3, 7, 8, 10]
[1, 2, 8, 12, 21]
[1, 4, 6, 25, 27]
[2, 4, 6, 13, 17]
[1, 4, 8, 10, 13]
[1, 5, 6, 11, 21]
[16, 17, 18, 19, 20, 21, 22, 23, 24, 25, 26, 27, 28]


5
process id 1
stats
5, 17, 7, 1000, 1000000
20220706-193058
loosing coalitions taken
[1, 4, 6, 26, 27]
[3, 4, 6, 9, 20]
[1, 3, 7, 13, 22]
[1, 2, 10, 11, 14]
[1, 2, 8, 13, 17]
[3, 4, 5, 15]
[1, 5, 6, 14, 22]
[1, 3, 8, 11, 18]
[2, 3, 6, 11, 22]
[2, 4, 6, 12, 17]
[2, 5, 6, 8, 10]
[1, 2, 7, 12, 18]
[1, 3, 9, 10, 12]
[2, 3, 7, 8, 9]
[1, 4, 7, 9, 17]
[16, 17, 18, 19, 20, 21, 22, 23, 24, 25, 26, 27, 28]


5
process id 5
stats
5, 13, 7, 1000, 1000000
20220706-193208
loosing coalitions taken
[1, 3, 8, 11, 16]
[2, 4, 5, 19, 27]
[2, 5, 6, 8, 11]
[3, 4, 5, 14]
[2, 3, 6, 15, 21]
[1, 2, 8, 13, 14]
[1, 3, 7, 9, 18]
[1, 2, 7, 12, 23]
[1, 2, 9, 10, 11]
[1, 5, 6, 12, 21]
[2, 4, 6, 10, 23]
[1, 4, 6, 28]
[16, 17, 18, 19, 20, 21, 22, 23, 24, 25, 26, 27, 28]


6
process id 4
stats
5, 14, 7, 1000, 1000000
20220706-193247
loosing coalitions taken
[2, 4, 5, 15]
[1, 4, 6, 26, 27]
[2, 3, 6, 11, 23]
[1, 3, 7, 14, 18]
[1, 5, 6, 13, 21]
[1, 2, 7, 11, 26]
[3, 4, 6, 12, 16]
[3, 5, 6, 7, 9]
[1, 2, 8, 12, 16]
[1, 3, 8, 10, 11]
[1, 2, 9, 10, 13]
[1, 4, 8, 13, 14]
[1, 4, 7, 9, 19]
[16, 17, 18, 19, 20, 21, 22, 23, 24, 25, 26, 27, 28]


5
process id 2
stats
5, 16, 7, 1000, 1000000
20220706-193313
loosing coalitions taken
[1, 3, 8, 10, 19]
[1, 3, 7, 13, 22]
[1, 2, 9, 10, 13]
[1, 4, 7, 9, 11]
[1, 2, 7, 14, 18]
[1, 5, 6, 11, 17]
[1, 2, 8, 12, 20]
[3, 4, 6, 9, 20]
[4, 5, 6, 7, 8]
[1, 4, 8, 13, 14]
[2, 4, 6, 13, 18]
[2, 3, 6, 10]
[2, 4, 5, 20, 25]
[3, 4, 5, 17, 24]
[16, 17, 18, 19, 20, 21, 22, 23, 24, 25, 26, 27, 28]


5
process id 3
stats
5, 15, 7, 1000, 1000000
20220706-193407
loosing coalitions taken
[1, 3, 7, 12, 22]
[1, 2, 7, 16, 20]
[3, 4, 5, 16]
[2, 3, 6, 13, 26]
[1, 2, 8, 13, 15]
[1, 3, 8, 11, 19]
[1, 4, 6, 24, 28]
[2, 4, 6, 14, 21]
[1, 2, 9, 11, 14]
[2, 5, 6, 8, 12]
[1, 4, 7, 9, 18]
[1, 5, 6, 9, 23]
[1, 4, 8, 12, 14]
[16, 17, 18, 19, 20, 21, 22, 23, 24, 25, 26, 27, 28]


5
process id 0
stats
5, 18, 7, 1000, 1000000
20220706-193437
loosing coalitions taken
[2, 3, 6, 17, 21]
[2, 5, 6, 7, 12]
[1, 3, 8, 10, 19]
[1, 4, 7, 9, 17]
[1, 3, 7, 14, 16]
[1, 2, 9, 10, 13]
[1, 2, 8, 14, 18]
[1, 4, 6, 25, 26]
[2, 4, 6, 9, 22]
[1, 5, 6, 16, 17]
[2, 3, 7, 8, 9]
[2, 3, 5, 23, 28]
[3, 4, 6, 14, 19]
[1, 4, 8, 11, 13]
[2, 4, 5, 18, 27]
[3, 4, 5, 20, 22]
[16, 17, 18, 19, 20, 21, 22, 23, 24, 25, 26, 27, 28]


5
process id 5
stats
5, 13, 7, 1000, 1000000
20220706-193508
loosing coalitions taken
[3, 4, 5, 11]
[2, 5, 6, 8, 12]
[1, 4, 8, 10, 15]
[1, 5, 6, 16, 18]
[1, 3, 8, 12, 18]
[2, 4, 6, 13, 17]
[1, 4, 6, 28]
[2, 3, 6, 15, 18]
[1, 2, 7, 11, 27]
[1, 2, 10, 12, 14]
[1, 3, 7, 10, 16]
[1, 2, 8, 9, 17]
[16, 17, 18, 19, 20, 21, 22, 23, 24, 25, 26, 27, 28]


6
process id 2
stats
5, 16, 7, 1000, 1000000
20220706-193636
loosing coalitions taken
[2, 4, 5, 21, 23]
[2, 5, 6, 7, 13]
[2, 3, 5, 17]
[1, 3, 9, 10, 12]
[3, 4, 6, 9, 15]
[1, 2, 9, 11, 13]
[1, 5, 6, 16, 20]
[2, 4, 6, 10, 24]
[1, 2, 7, 12, 18]
[1, 4, 6, 27, 28]
[1, 4, 7, 11, 14]
[1, 3, 7, 13, 22]
[1, 3, 8, 11, 19]
[1, 4, 8, 10, 15]
[1, 2, 8, 14, 20]
[16, 17, 18, 19, 20, 21, 22, 23, 24, 25, 26, 27, 28]


5
process id 4
stats
5, 14, 7, 1000, 1000000
20220706-193700
loosing coalitions taken
[2, 3, 7, 8, 10]
[1, 3, 7, 14, 17]
[1, 3, 8, 13, 15]
[1, 3, 9, 10, 12]
[1, 2, 7, 12, 24]
[2, 3, 6, 14]
[3, 4, 5, 11]
[1, 2, 8, 9, 18]
[1, 5, 6, 15, 20]
[1, 4, 6, 23, 26]
[1, 4, 8, 10, 14]
[1, 2, 10, 11, 13]
[1, 4, 7, 9, 19]
[16, 17, 18, 19, 20, 21, 22, 23, 24, 25, 26, 27, 28]


5
process id 5
stats
5, 13, 7, 1000, 1000000
20220706-193819
loosing coalitions taken
[1, 2, 7, 9, 17]
[1, 3, 7, 10, 18]
[2, 5, 6, 8, 9]
[1, 3, 8, 15, 16]
[1, 2, 8, 12, 20]
[2, 3, 6, 12, 22]
[3, 5, 6, 7, 15]
[3, 4, 5, 16]
[1, 2, 10, 11, 14]
[2, 4, 6, 15, 18]
[1, 4, 7, 12, 13]
[1, 4, 6, 26]
[16, 17, 18, 19, 20, 21, 22, 23, 24, 25, 26, 27, 28]


5
process id 3
stats
5, 15, 7, 1000, 1000000
20220706-193855
loosing coalitions taken
[1, 2, 9, 10, 11]
[1, 2, 7, 14, 20]
[3, 4, 5, 21, 24]
[1, 3, 7, 13, 22]
[1, 2, 8, 13, 19]
[2, 3, 7, 8, 10]
[2, 3, 5, 17]
[1, 3, 8, 11, 15]
[1, 5, 6, 10, 19]
[1, 4, 6, 22, 27]
[2, 4, 6, 13, 21]
[3, 4, 6, 14, 15]
[4, 5, 6, 7, 8]
[16, 17, 18, 19, 20, 21, 22, 23, 24, 25, 26, 27, 28]


5
process id 4
stats
5, 14, 7, 1000, 1000000
20220706-194000
loosing coalitions taken
[1, 5, 6, 11, 19]
[3, 5, 6, 7, 15]
[3, 4, 5, 9]
[1, 3, 8, 10, 13]
[2, 5, 6, 8, 12]
[2, 4, 6, 11, 22]
[1, 2, 7, 16, 19]
[1, 2, 8, 9, 17]
[1, 3, 7, 12, 22]
[1, 2, 10, 12, 14]
[2, 3, 6, 14]
[1, 4, 6, 26, 28]
[1, 4, 7, 10, 11]
[16, 17, 18, 19, 20, 21, 22, 23, 24, 25, 26, 27, 28]


5
process id 1
stats
5, 17, 7, 1000, 1000000
20220706-194013
loosing coalitions taken
[2, 3, 6, 9]
[1, 2, 7, 17, 18]
[1, 3, 8, 11, 15]
[1, 2, 10, 11, 12]
[1, 3, 7, 10, 21]
[1, 4, 6, 26, 27]
[1, 5, 6, 13, 22]
[1, 4, 8, 9, 12]
[1, 4, 7, 11, 13]
[2, 3, 5, 17]
[3, 4, 5, 14, 25]
[2, 4, 5, 13]
[3, 4, 6, 13, 15]
[2, 5, 6, 8, 10]
[2, 4, 6, 14, 21]
[16, 17, 18, 19, 20, 21, 22, 23, 24, 25, 26, 27, 28]


5
process id 0
stats
5, 18, 7, 1000, 1000000
20220706-194132
loosing coalitions taken
[1, 3, 9, 10, 11]
[1, 2, 7, 13, 23]
[1, 2, 8, 15, 17]
[1, 3, 7, 14, 22]
[1, 2, 10, 12, 14]
[1, 3, 8, 12, 19]
[2, 3, 6, 12, 28]
[2, 3, 7, 8, 9]
[1, 4, 6, 27, 28]
[2, 4, 6, 11, 21]
[1, 4, 7, 9, 15]
[1, 5, 6, 11, 18]
[1, 4, 8, 11, 13]
[2, 3, 5, 20]
[3, 4, 6, 9, 18]
[16, 17, 18, 19, 20, 21, 22, 23, 24, 25, 26, 27, 28]


6
process id 2
stats
5, 16, 7, 1000, 1000000
20220706-194143
loosing coalitions taken
[3, 5, 6, 7, 9]
[1, 3, 8, 12, 13]
[2, 3, 5, 19, 27]
[1, 2, 8, 9, 18]
[2, 5, 6, 8, 12]
[2, 3, 6, 14, 26]
[1, 2, 10, 11, 13]
[1, 2, 7, 14, 17]
[2, 4, 5, 14, 28]
[3, 4, 5, 10]
[1, 3, 7, 11, 21]
[2, 4, 6, 13, 19]
[1, 4, 6, 23, 25]
[1, 5, 6, 15, 20]
[1, 4, 7, 9, 13]
[16, 17, 18, 19, 20, 21, 22, 23, 24, 25, 26, 27, 28]


5
process id 4
stats
5, 14, 7, 1000, 1000000
20220706-194325
loosing coalitions taken
[1, 2, 8, 10, 19]
[1, 3, 8, 13, 16]
[1, 3, 7, 14, 21]
[1, 2, 7, 12, 20]
[2, 5, 6, 7, 16]
[2, 3, 6, 11, 21]
[1, 2, 9, 11, 13]
[2, 4, 6, 8]
[1, 4, 7, 10, 13]
[1, 5, 6, 12, 24]
[3, 4, 5, 14, 23]
[2, 3, 5, 19, 28]
[1, 3, 9, 10, 12]
[16, 17, 18, 19, 20, 21, 22, 23, 24, 25, 26, 27, 28]


5
process id 3
stats
5, 15, 7, 1000, 1000000
20220706-194336
loosing coalitions taken
[3, 4, 5, 14]
[1, 2, 9, 11, 13]
[2, 4, 6, 12, 21]
[2, 3, 7, 8, 9]
[2, 5, 6, 7, 11]
[1, 3, 8, 13, 16]
[1, 2, 8, 10, 15]
[1, 3, 9, 10, 12]
[1, 2, 7, 14, 18]
[2, 3, 6, 10]
[1, 5, 6, 12, 23]
[1, 4, 6, 26, 27]
[1, 4, 7, 8]
[16, 17, 18, 19, 20, 21, 22, 23, 24, 25, 26, 27, 28]


5
process id 5
stats
5, 13, 7, 1000, 1000000
20220706-194412
loosing coalitions taken
[2, 3, 6, 9, 25]
[2, 5, 6, 8, 11]
[1, 4, 8, 12, 13]
[1, 2, 7, 9]
[1, 5, 6, 13, 21]
[2, 4, 6, 14, 22]
[3, 4, 6, 15, 17]
[3, 5, 6, 7, 14]
[1, 3, 8, 11, 19]
[1, 4, 6, 24, 28]
[3, 4, 5, 13, 27]
[2, 4, 5, 18, 24]
[16, 17, 18, 19, 20, 21, 22, 23, 24, 25, 26, 27, 28]


5
process id 3
stats
5, 15, 7, 1000, 1000000
20220706-194637
loosing coalitions taken
[2, 3, 6, 9, 23]
[2, 5, 6, 7, 10]
[1, 2, 8, 11, 16]
[1, 3, 8, 9, 14]
[3, 4, 5, 15, 23]
[1, 5, 6, 13, 23]
[1, 2, 7, 12, 20]
[1, 4, 7, 11, 13]
[1, 2, 9, 10, 13]
[2, 3, 5, 22]
[1, 4, 8, 10, 15]
[3, 4, 6, 12, 20]
[2, 4, 6, 8]
[1, 3, 7, 10, 24]
[16, 17, 18, 19, 20, 21, 22, 23, 24, 25, 26, 27, 28]


5
process id 4
stats
5, 14, 7, 1000, 1000000
20220706-194652
loosing coalitions taken
[1, 2, 9, 11, 13]
[3, 4, 6, 12, 21]
[2, 4, 6, 15, 16]
[1, 4, 7, 10, 17]
[1, 5, 6, 10, 26]
[1, 4, 6, 24]
[1, 2, 8, 14, 19]
[1, 3, 9, 10, 12]
[1, 2, 7, 16, 18]
[1, 3, 8, 13, 16]
[1, 3, 7, 15, 21]
[3, 4, 5, 16, 22]
[2, 3, 6, 13, 28]
[16, 17, 18, 19, 20, 21, 22, 23, 24, 25, 26, 27, 28]


5
process id 2
stats
5, 16, 7, 1000, 1000000
20220706-194657
loosing coalitions taken
[3, 4, 6, 14, 20]
[1, 2, 8, 11, 18]
[1, 2, 7, 13, 20]
[1, 3, 7, 12, 19]
[1, 2, 9, 12, 14]
[1, 3, 8, 13, 16]
[1, 4, 6, 24, 25]
[1, 4, 7, 8, 21]
[1, 5, 6, 8]
[2, 4, 5, 15, 24]
[3, 4, 5, 18, 19]
[2, 3, 6, 17, 19]
[2, 3, 5, 20]
[2, 4, 6, 12, 21]
[1, 3, 9, 10, 11]
[16, 17, 18, 19, 20, 21, 22, 23, 24, 25, 26, 27, 28]


5
process id 5
stats
5, 13, 7, 1000, 1000000
20220706-194736
loosing coalitions taken
[1, 3, 7, 10, 23]
[1, 2, 8, 14, 19]
[1, 2, 9, 10, 11]
[1, 4, 7, 9, 12]
[3, 4, 6, 10, 16]
[1, 2, 7, 13, 22]
[2, 4, 6, 11, 22]
[2, 3, 5, 21, 28]
[2, 3, 6, 12]
[2, 4, 5, 19]
[1, 5, 6, 13, 18]
[1, 4, 6, 23]
[16, 17, 18, 19, 20, 21, 22, 23, 24, 25, 26, 27, 28]


6
process id 0
stats
5, 18, 7, 1000, 1000000
20220706-194758
loosing coalitions taken
[1, 4, 6, 24, 25]
[1, 4, 7, 11, 14]
[1, 3, 7, 15, 19]
[1, 2, 7, 10, 27]
[2, 3, 6, 13, 27]
[3, 4, 6, 11, 20]
[1, 3, 9, 10, 12]
[1, 2, 9, 11, 13]
[2, 4, 5, 20, 28]
[2, 3, 5, 25]
[2, 4, 6, 9, 18]
[1, 3, 8, 13, 14]
[1, 5, 6, 14, 17]
[4, 5, 6, 7, 8]
[1, 4, 8, 9, 15]
[1, 2, 8, 12, 19]
[16, 17, 18, 19, 20, 21, 22, 23, 24, 25, 26, 27, 28]


5
process id 1
stats
5, 17, 7, 1000, 1000000
20220706-194902
loosing coalitions taken
[2, 4, 6, 8]
[1, 3, 8, 9, 19]
[1, 5, 6, 9, 25]
[3, 4, 6, 11, 15]
[2, 4, 5, 14]
[1, 4, 6, 23]
[1, 2, 8, 11, 21]
[2, 3, 5, 21]
[1, 2, 10, 12, 13]
[1, 2, 7, 9, 28]
[2, 3, 6, 13]
[1, 3, 7, 12, 17]
[3, 5, 6, 7, 14]
[3, 4, 5, 13]
[2, 3, 7, 8, 10]
[16, 17, 18, 19, 20, 21, 22, 23, 24, 25, 26, 27, 28]


5
process id 3
stats
5, 15, 7, 1000, 1000000
20220706-195009
loosing coalitions taken
[1, 5, 6, 11, 22]
[1, 3, 8, 11, 16]
[1, 2, 10, 11, 14]
[1, 4, 7, 11, 15]
[1, 3, 7, 14, 21]
[1, 4, 8, 9, 14]
[2, 4, 5, 14]
[1, 4, 6, 23]
[3, 5, 6, 7, 12]
[2, 3, 6, 13, 25]
[1, 2, 8, 12, 18]
[1, 3, 9, 10, 12]
[2, 3, 7, 8, 10]
[16, 17, 18, 19, 20, 21, 22, 23, 24, 25, 26, 27, 28]


6
process id 5
stats
5, 13, 7, 1000, 1000000
20220706-195039
loosing coalitions taken
[3, 4, 5, 16]
[1, 3, 7, 14, 20]
[1, 3, 8, 10, 12]
[1, 2, 7, 10, 26]
[1, 4, 6, 24, 25]
[1, 4, 7, 11, 15]
[2, 4, 6, 12, 22]
[2, 3, 6, 13]
[1, 2, 9, 12, 14]
[1, 5, 6, 15, 18]
[1, 2, 8, 11, 19]
[1, 4, 8, 9, 13]
[16, 17, 18, 19, 20, 21, 22, 23, 24, 25, 26, 27, 28]


5
process id 2
stats
5, 16, 7, 1000, 1000000
20220706-195040
loosing coalitions taken
[3, 4, 5, 19, 21]
[1, 5, 6, 13, 24]
[3, 4, 6, 9, 17]
[1, 3, 9, 10, 12]
[1, 2, 9, 11, 13]
[2, 4, 6, 14, 20]
[2, 3, 5, 22, 24]
[2, 4, 5, 16, 26]
[2, 5, 6, 8, 12]
[3, 5, 6, 7, 14]
[2, 3, 6, 13]
[1, 4, 6, 23, 27]
[1, 4, 7, 10, 11]
[1, 2, 7, 12, 26]
[1, 3, 7, 8, 27]
[16, 17, 18, 19, 20, 21, 22, 23, 24, 25, 26, 27, 28]


5
process id 4
stats
5, 14, 7, 1000, 1000000
20220706-195102
loosing coalitions taken
[3, 4, 5, 17, 21]
[1, 3, 8, 15, 16]
[2, 5, 6, 8, 11]
[2, 4, 5, 18]
[2, 3, 6, 13, 24]
[1, 4, 6, 24]
[1, 3, 7, 12, 18]
[1, 3, 9, 10, 11]
[2, 3, 7, 8, 9]
[3, 5, 6, 7, 14]
[1, 2, 10, 12, 13]
[1, 2, 7, 15, 19]
[1, 2, 8, 14, 20]
[16, 17, 18, 19, 20, 21, 22, 23, 24, 25, 26, 27, 28]


6
process id 5
stats
5, 13, 7, 1000, 1000000
20220706-195344
loosing coalitions taken
[1, 2, 9, 12, 13]
[1, 5, 6, 10, 23]
[1, 3, 7, 12, 19]
[1, 4, 7, 9, 17]
[1, 3, 8, 13, 14]
[1, 4, 6, 24]
[1, 2, 7, 15, 22]
[1, 2, 8, 11, 18]
[2, 4, 5, 17]
[1, 3, 9, 10, 11]
[2, 3, 6, 14, 23]
[3, 5, 6, 7, 9]
[16, 17, 18, 19, 20, 21, 22, 23, 24, 25, 26, 27, 28]


5
process id 4
stats
5, 14, 7, 1000, 1000000
20220706-195408
loosing coalitions taken
[1, 2, 8, 14, 16]
[1, 2, 9, 10, 11]
[1, 2, 7, 13, 20]
[3, 5, 6, 7, 13]
[1, 5, 6, 14, 19]
[2, 3, 7, 8, 10]
[2, 3, 6, 19, 20]
[1, 3, 8, 12, 18]
[1, 4, 7, 8]
[3, 4, 6, 10, 21]
[3, 4, 5, 11]
[2, 4, 6, 13, 22]
[16, 17, 18, 19, 20, 21, 22, 23, 24, 25, 26, 27, 28]


6
process id 3
stats
5, 15, 7, 1000, 1000000
20220706-195413
loosing coalitions taken
[1, 2, 10, 12, 14]
[1, 4, 6, 23, 25]
[2, 4, 6, 12, 17]
[3, 4, 6, 14, 18]
[1, 3, 9, 10, 11]
[2, 3, 5, 23, 25]
[2, 3, 6, 19, 20]
[2, 5, 6, 7, 14]
[3, 4, 5, 15]
[1, 5, 6, 13, 16]
[1, 2, 7, 9, 24]
[1, 3, 7, 12, 17]
[1, 4, 7, 8, 20]
[1, 2, 8, 11, 21]
[16, 17, 18, 19, 20, 21, 22, 23, 24, 25, 26, 27, 28]


5
process id 1
stats
5, 17, 7, 1000, 1000000
20220706-195525
loosing coalitions taken
[1, 3, 7, 13, 21]
[1, 2, 8, 11, 18]
[1, 2, 7, 9, 19]
[1, 3, 9, 10, 11]
[2, 3, 6, 13, 23]
[1, 5, 6, 8, 27]
[1, 4, 6, 23, 25]
[1, 4, 7, 11, 16]
[3, 4, 6, 8, 28]
[1, 3, 8, 12, 16]
[1, 2, 10, 12, 13]
[2, 3, 5, 24]
[2, 4, 6, 14, 19]
[16, 17, 18, 19, 20, 21, 22, 23, 24, 25, 26, 27, 28]


5
process id 2
stats
5, 16, 7, 1000, 1000000
20220706-195537
loosing coalitions taken
[1, 3, 8, 15, 16]
[1, 2, 9, 10, 12]
[2, 3, 6, 15, 20]
[3, 4, 5, 18, 19]
[2, 3, 5, 25, 26]
[2, 5, 6, 8, 9]
[3, 5, 6, 7, 11]
[1, 2, 8, 14, 17]
[1, 3, 7, 14, 19]
[1, 2, 7, 15, 22]
[2, 4, 5, 20]
[1, 4, 7, 8, 21]
[1, 5, 6, 16, 19]
[1, 4, 6, 24]
[16, 17, 18, 19, 20, 21, 22, 23, 24, 25, 26, 27, 28]


5
process id 0
stats
5, 18, 7, 1000, 1000000
20220706-195628
loosing coalitions taken
[1, 2, 7, 12, 23]
[3, 4, 5, 18, 20]
[2, 4, 6, 10, 20]
[2, 4, 5, 16]
[1, 5, 6, 13, 23]
[1, 2, 9, 10, 11]
[3, 4, 6, 8, 22]
[1, 3, 7, 13, 21]
[2, 3, 6, 12]
[2, 3, 7, 8, 10]
[1, 3, 8, 11, 16]
[2, 3, 5, 22]
[1, 4, 6, 24]
[3, 5, 6, 7, 14]
[2, 5, 6, 8, 9]
[16, 17, 18, 19, 20, 21, 22, 23, 24, 25, 26, 27, 28]


5
process id 5
stats
5, 13, 7, 1000, 1000000
20220706-195714
loosing coalitions taken
[1, 4, 6, 22]
[1, 3, 8, 9, 18]
[1, 2, 10, 11, 12]
[3, 4, 5, 19, 25]
[1, 2, 7, 9, 19]
[2, 3, 6, 18, 20]
[1, 3, 7, 15, 17]
[2, 3, 7, 8, 10]
[3, 5, 6, 7, 9]
[1, 2, 8, 13, 20]
[2, 4, 5, 17, 28]
[2, 5, 6, 8, 12]
[16, 17, 18, 19, 20, 21, 22, 23, 24, 25, 26, 27, 28]


5
process id 3
stats
5, 15, 7, 1000, 1000000
20220706-195730
loosing coalitions taken
[1, 2, 8, 14, 16]
[2, 4, 5, 11]
[1, 3, 7, 16, 17]
[1, 5, 6, 13, 16]
[2, 3, 6, 15, 20]
[3, 4, 6, 14, 19]
[3, 5, 6, 7, 9]
[1, 4, 6, 25, 26]
[1, 4, 7, 9, 19]
[1, 4, 8, 10, 13]
[1, 3, 9, 10, 11]
[1, 3, 8, 12, 15]
[2, 3, 7, 8, 10]
[16, 17, 18, 19, 20, 21, 22, 23, 24, 25, 26, 27, 28]


5
process id 4
stats
5, 14, 7, 1000, 1000000
20220706-195734
loosing coalitions taken
[3, 5, 6, 7, 11]
[1, 2, 7, 9, 20]
[1, 3, 8, 14, 15]
[2, 3, 7, 8, 10]
[1, 4, 7, 8]
[3, 4, 6, 9, 16]
[1, 5, 6, 9, 23]
[2, 3, 6, 15, 21]
[1, 2, 10, 11, 13]
[2, 4, 5, 14, 26]
[2, 3, 5, 25]
[1, 3, 9, 10, 12]
[2, 4, 6, 10, 20]
[16, 17, 18, 19, 20, 21, 22, 23, 24, 25, 26, 27, 28]


6
process id 2
stats
5, 16, 7, 1000, 1000000
20220706-195953
loosing coalitions taken
[3, 4, 5, 11, 26]
[1, 2, 8, 11, 20]
[1, 2, 9, 12, 13]
[3, 4, 6, 13, 15]
[1, 2, 7, 14, 23]
[1, 3, 9, 10, 11]
[2, 4, 5, 21, 24]
[1, 3, 7, 15, 16]
[1, 4, 7, 9, 18]
[2, 3, 6, 17, 18]
[2, 4, 6, 12, 16]
[2, 3, 5, 22]
[1, 5, 6, 13, 19]
[1, 4, 6, 26]
[1, 3, 8, 12, 17]
[16, 17, 18, 19, 20, 21, 22, 23, 24, 25, 26, 27, 28]


5
process id 1
stats
5, 17, 7, 1000, 1000000
20220706-200013
loosing coalitions taken
[3, 4, 6, 9, 18]
[1, 3, 8, 13, 16]
[1, 4, 7, 11, 14]
[1, 2, 9, 11, 13]
[1, 2, 7, 15, 17]
[1, 2, 10, 12, 14]
[1, 5, 6, 10, 21]
[3, 4, 5, 17, 19]
[2, 3, 5, 24, 25]
[3, 5, 6, 7, 11]
[2, 3, 6, 10, 27]
[2, 4, 5, 11]
[1, 4, 6, 22, 27]
[1, 4, 8, 9, 12]
[2, 3, 7, 8, 9]
[16, 17, 18, 19, 20, 21, 22, 23, 24, 25, 26, 27, 28]


5
process id 3
stats
5, 15, 7, 1000, 1000000
20220706-200041
loosing coalitions taken
[2, 3, 6, 12, 21]
[1, 3, 7, 14, 17]
[1, 2, 9, 11, 13]
[1, 2, 7, 10, 20]
[2, 5, 6, 7, 15]
[3, 4, 5, 15]
[1, 5, 6, 8, 27]
[1, 2, 8, 14, 15]
[1, 3, 9, 10, 12]
[1, 3, 8, 13, 16]
[2, 4, 6, 11, 17]
[1, 4, 6, 22, 28]
[1, 4, 7, 8]
[16, 17, 18, 19, 20, 21, 22, 23, 24, 25, 26, 27, 28]


5
process id 4
stats
5, 14, 7, 1000, 1000000
20220706-200336
loosing coalitions taken
[1, 2, 8, 13, 15]
[1, 3, 7, 14, 20]
[2, 3, 7, 8, 10]
[2, 3, 6, 12, 27]
[3, 5, 6, 7, 15]
[1, 3, 9, 10, 11]
[1, 4, 7, 10, 16]
[1, 4, 6, 25]
[1, 3, 8, 12, 17]
[2, 3, 5, 25, 26]
[2, 5, 6, 8, 9]
[3, 4, 5, 17, 19]
[16, 17, 18, 19, 20, 21, 22, 23, 24, 25, 26, 27, 28]


5
process id 2
stats
5, 16, 7, 1000, 1000000
20220706-200344
loosing coalitions taken
[1, 3, 8, 12, 16]
[1, 3, 9, 10, 11]
[1, 2, 8, 9, 20]
[1, 3, 7, 15, 17]
[1, 2, 10, 12, 14]
[2, 3, 6, 15, 19]
[2, 3, 7, 8, 10]
[3, 5, 6, 7, 13]
[3, 4, 6, 10, 20]
[1, 4, 6, 26, 27]
[1, 4, 7, 8]
[1, 5, 6, 9, 19]
[2, 3, 5, 23]
[2, 4, 6, 12, 18]
[16, 17, 18, 19, 20, 21, 22, 23, 24, 25, 26, 27, 28]


6
process id 5
stats
5, 13, 7, 1000, 1000000
20220706-200355
loosing coalitions taken
[1, 2, 8, 14, 18]
[2, 5, 6, 7, 13]
[1, 4, 7, 11, 17]
[3, 4, 5, 12]
[1, 2, 7, 15, 20]
[2, 3, 6, 14]
[1, 3, 8, 9, 17]
[1, 2, 10, 11, 13]
[1, 4, 6, 26, 27]
[1, 5, 6, 11, 16]
[1, 3, 7, 13, 16]
[1, 4, 8, 10, 15]
[16, 17, 18, 19, 20, 21, 22, 23, 24, 25, 26, 27, 28]


6
process id 3
stats
5, 15, 7, 1000, 1000000
20220706-200405
loosing coalitions taken
[2, 4, 6, 10, 21]
[1, 3, 7, 11, 21]
[1, 3, 9, 10, 12]
[1, 2, 7, 10, 27]
[1, 5, 6, 14, 20]
[2, 3, 6, 11, 22]
[1, 2, 9, 11, 14]
[3, 4, 6, 13, 18]
[2, 4, 5, 19]
[3, 5, 6, 7, 10]
[1, 4, 7, 12, 14]
[1, 4, 6, 27]
[1, 2, 8, 13, 16]
[1, 3, 8, 14, 15]
[16, 17, 18, 19, 20, 21, 22, 23, 24, 25, 26, 27, 28]


6
process id 1
stats
5, 17, 7, 1000, 1000000
20220706-200442
loosing coalitions taken
[1, 4, 6, 23, 27]
[1, 5, 6, 11, 19]
[2, 4, 6, 15, 16]
[2, 3, 6, 13, 25]
[1, 2, 7, 14, 22]
[1, 3, 8, 9, 19]
[1, 4, 8, 12, 14]
[1, 2, 8, 15, 17]
[1, 4, 7, 9, 13]
[1, 2, 10, 11, 12]
[1, 3, 7, 16, 17]
[2, 3, 7, 8, 10]
[3, 4, 5, 13, 23]
[3, 4, 6, 12, 20]
[2, 4, 5, 14]
[16, 17, 18, 19, 20, 21, 22, 23, 24, 25, 26, 27, 28]


5
process id 0
stats
5, 18, 7, 1000, 1000000
20220706-200601
loosing coalitions taken
[2, 3, 6, 15, 27]
[2, 3, 5, 17]
[1, 2, 10, 11, 13]
[1, 2, 7, 12, 26]
[1, 4, 6, 28]
[1, 3, 8, 12, 14]
[1, 2, 8, 15, 16]
[1, 3, 7, 15, 18]
[1, 5, 6, 12, 24]
[3, 4, 6, 9, 18]
[3, 4, 5, 10]
[2, 4, 5, 16]
[2, 4, 6, 14, 21]
[2, 5, 6, 8, 11]
[3, 5, 6, 7, 13]
[2, 3, 7, 8, 10]
[16, 17, 18, 19, 20, 21, 22, 23, 24, 25, 26, 27, 28]


5
process id 4
stats
5, 14, 7, 1000, 1000000
20220706-200653
loosing coalitions taken
[1, 5, 6, 13, 19]
[1, 4, 7, 9, 16]
[1, 2, 8, 14, 16]
[2, 4, 6, 12, 18]
[2, 5, 6, 7, 16]
[1, 3, 8, 9, 12]
[1, 2, 7, 15, 22]
[1, 3, 7, 11, 20]
[2, 3, 6, 13]
[1, 4, 6, 26]
[2, 4, 5, 17, 20]
[3, 4, 5, 9]
[1, 2, 9, 10, 11]
[16, 17, 18, 19, 20, 21, 22, 23, 24, 25, 26, 27, 28]


6
process id 5
stats
5, 13, 7, 1000, 1000000
20220706-200656
loosing coalitions taken
[1, 2, 7, 10, 27]
[1, 4, 6, 26]
[1, 3, 7, 15, 18]
[2, 3, 6, 14, 27]
[1, 2, 8, 14, 15]
[1, 3, 8, 11, 19]
[1, 3, 9, 10, 12]
[2, 5, 6, 7, 13]
[2, 3, 7, 8, 9]
[1, 2, 9, 11, 13]
[2, 3, 5, 19, 26]
[3, 4, 5, 16, 25]
[16, 17, 18, 19, 20, 21, 22, 23, 24, 25, 26, 27, 28]


5
process id 3
stats
5, 15, 7, 1000, 1000000
20220706-200751
loosing coalitions taken
[2, 4, 5, 15]
[1, 3, 8, 14, 15]
[3, 4, 6, 10, 20]
[1, 5, 6, 13, 19]
[1, 2, 9, 12, 13]
[1, 3, 9, 10, 11]
[2, 3, 6, 14, 21]
[1, 4, 6, 27]
[1, 3, 7, 12, 18]
[1, 2, 8, 11, 21]
[2, 3, 7, 8, 9]
[1, 2, 7, 10, 28]
[3, 5, 6, 7, 11]
[16, 17, 18, 19, 20, 21, 22, 23, 24, 25, 26, 27, 28]


5
process id 1
stats
5, 17, 7, 1000, 1000000
20220706-200853
loosing coalitions taken
[1, 3, 7, 11, 22]
[2, 3, 6, 11, 28]
[3, 5, 6, 7, 15]
[1, 2, 8, 12, 18]
[2, 3, 7, 8, 9]
[1, 4, 6, 22, 28]
[1, 4, 7, 8, 27]
[3, 4, 6, 13, 16]
[1, 2, 9, 10, 13]
[1, 5, 6, 9, 21]
[1, 3, 8, 14, 16]
[2, 4, 5, 21, 28]
[3, 4, 5, 19, 25]
[2, 4, 6, 14, 17]
[2, 3, 5, 22]
[16, 17, 18, 19, 20, 21, 22, 23, 24, 25, 26, 27, 28]


5
process id 2
stats
5, 16, 7, 1000, 1000000
20220706-201000
loosing coalitions taken
[2, 4, 5, 19, 20]
[1, 2, 7, 15, 19]
[2, 4, 6, 14, 15]
[1, 4, 7, 14, 16]
[1, 2, 8, 12, 21]
[1, 2, 9, 11, 13]
[1, 3, 9, 10, 12]
[1, 5, 6, 11, 17]
[1, 3, 8, 15, 16]
[1, 4, 8, 10, 13]
[3, 4, 6, 9, 21]
[1, 4, 6, 25]
[1, 3, 7, 13, 17]
[3, 4, 5, 10, 27]
[2, 3, 5, 21]
[16, 17, 18, 19, 20, 21, 22, 23, 24, 25, 26, 27, 28]


5
process id 5
stats
5, 13, 7, 1000, 1000000
20220706-201006
loosing coalitions taken
[1, 2, 7, 14, 19]
[1, 4, 8, 12, 13]
[1, 2, 8, 15, 17]
[1, 3, 9, 10, 12]
[1, 3, 8, 11, 18]
[1, 2, 10, 11, 13]
[2, 3, 5, 17]
[1, 5, 6, 8]
[2, 4, 6, 14, 15]
[3, 4, 6, 10, 21]
[1, 4, 7, 9, 18]
[1, 3, 7, 13, 20]
[16, 17, 18, 19, 20, 21, 22, 23, 24, 25, 26, 27, 28]


6
process id 4
stats
5, 14, 7, 1000, 1000000
20220706-201017
loosing coalitions taken
[1, 2, 8, 9, 19]
[1, 3, 8, 12, 15]
[2, 5, 6, 8, 12]
[1, 2, 7, 15, 22]
[2, 3, 6, 14]
[1, 2, 10, 11, 12]
[1, 3, 7, 11, 23]
[2, 4, 5, 19, 25]
[3, 4, 5, 10]
[1, 4, 6, 25, 27]
[1, 4, 7, 12, 14]
[1, 5, 6, 11, 20]
[16, 17, 18, 19, 20, 21, 22, 23, 24, 25, 26, 27, 28]


6
process id 3
stats
5, 15, 7, 1000, 1000000
20220706-201117
loosing coalitions taken
[2, 4, 5, 18, 27]
[2, 3, 6, 15, 24]
[2, 3, 5, 22, 26]
[3, 4, 5, 12]
[1, 2, 7, 14, 23]
[2, 5, 6, 8, 11]
[1, 3, 9, 10, 11]
[1, 3, 8, 13, 15]
[2, 3, 7, 8, 9]
[1, 4, 6, 24, 27]
[1, 5, 6, 9, 20]
[1, 4, 7, 13, 16]
[1, 4, 8, 11, 14]
[16, 17, 18, 19, 20, 21, 22, 23, 24, 25, 26, 27, 28]


6
process id 0
stats
5, 18, 7, 1000, 1000000
20220706-201151
loosing coalitions taken
[1, 2, 8, 10, 19]
[3, 4, 6, 10, 19]
[1, 4, 6, 26, 28]
[2, 4, 6, 13, 21]
[1, 4, 8, 12, 14]
[2, 3, 7, 8, 9]
[1, 5, 6, 13, 18]
[1, 2, 9, 11, 13]
[2, 5, 6, 7, 12]
[2, 3, 6, 14]
[1, 3, 9, 10, 12]
[1, 4, 7, 9, 19]
[1, 3, 7, 15, 17]
[2, 4, 5, 17, 20]
[3, 4, 5, 18, 24]
[1, 3, 8, 13, 16]
[16, 17, 18, 19, 20, 21, 22, 23, 24, 25, 26, 27, 28]


5
process id 1
stats
5, 17, 7, 1000, 1000000
20220706-201158
loosing coalitions taken
[1, 2, 9, 11, 12]
[1, 4, 6, 23, 27]
[1, 4, 8, 13, 14]
[1, 5, 6, 15, 19]
[1, 2, 7, 15, 22]
[1, 2, 8, 10, 18]
[1, 4, 7, 9, 18]
[1, 3, 8, 11, 15]
[2, 4, 6, 11, 19]
[2, 5, 6, 7, 9]
[2, 3, 6, 12, 28]
[2, 3, 5, 21, 26]
[3, 4, 5, 14, 23]
[2, 4, 5, 17]
[3, 4, 6, 15, 16]
[16, 17, 18, 19, 20, 21, 22, 23, 24, 25, 26, 27, 28]


6
process id 5
stats
5, 13, 7, 1000, 1000000
20220706-201308
loosing coalitions taken
[2, 3, 6, 10]
[1, 4, 7, 9, 18]
[1, 2, 7, 13, 24]
[1, 5, 6, 14, 19]
[1, 3, 8, 9, 20]
[1, 2, 8, 15, 17]
[1, 4, 8, 10, 11]
[1, 3, 7, 15, 19]
[1, 4, 6, 24]
[1, 2, 9, 11, 12]
[3, 4, 5, 17, 23]
[2, 4, 5, 11]
[16, 17, 18, 19, 20, 21, 22, 23, 24, 25, 26, 27, 28]


5
process id 2
stats
5, 16, 7, 1000, 1000000
20220706-201311
loosing coalitions taken
[2, 4, 5, 22, 24]
[1, 4, 6, 23, 27]
[1, 2, 9, 12, 13]
[3, 4, 5, 16, 23]
[1, 5, 6, 15, 16]
[2, 3, 6, 16, 19]
[2, 3, 5, 21, 27]
[2, 5, 6, 8, 9]
[3, 4, 6, 14, 15]
[3, 5, 6, 7, 12]
[2, 4, 6, 10, 21]
[1, 3, 7, 10, 19]
[1, 4, 8, 9, 15]
[1, 2, 7, 11, 18]
[1, 3, 8, 11, 14]
[16, 17, 18, 19, 20, 21, 22, 23, 24, 25, 26, 27, 28]


5
process id 4
stats
5, 14, 7, 1000, 1000000
20220706-201319
loosing coalitions taken
[1, 3, 7, 9, 20]
[1, 2, 8, 10, 19]
[1, 2, 9, 11, 13]
[1, 2, 7, 12, 17]
[2, 3, 6, 11, 24]
[2, 5, 6, 8, 12]
[1, 4, 7, 11, 16]
[1, 5, 6, 9, 24]
[2, 4, 6, 10, 22]
[1, 4, 6, 25]
[1, 3, 8, 15, 16]
[2, 4, 5, 21, 23]
[3, 4, 5, 13]
[16, 17, 18, 19, 20, 21, 22, 23, 24, 25, 26, 27, 28]


5
process id 3
stats
5, 15, 7, 1000, 1000000
20220706-201600
loosing coalitions taken
[1, 5, 6, 15, 20]
[1, 2, 7, 16, 19]
[2, 4, 5, 18, 26]
[3, 4, 5, 15]
[1, 3, 8, 13, 16]
[2, 5, 6, 8, 10]
[1, 2, 10, 12, 13]
[2, 3, 7, 8, 9]
[2, 3, 6, 12, 23]
[1, 2, 9, 11, 14]
[1, 3, 7, 11, 17]
[1, 4, 7, 8]
[2, 4, 6, 16, 17]
[16, 17, 18, 19, 20, 21, 22, 23, 24, 25, 26, 27, 28]


5
process id 5
stats
5, 13, 7, 1000, 1000000
20220706-201722
loosing coalitions taken
[1, 2, 9, 12, 14]
[2, 3, 6, 12, 23]
[1, 2, 7, 13, 18]
[1, 2, 8, 11, 20]
[1, 3, 7, 15, 19]
[1, 3, 9, 10, 11]
[2, 4, 5, 17]
[3, 5, 6, 7, 14]
[2, 3, 7, 8, 9]
[1, 3, 8, 13, 14]
[1, 5, 6, 8]
[3, 4, 6, 10, 20]
[16, 17, 18, 19, 20, 21, 22, 23, 24, 25, 26, 27, 28]


5
process id 2
stats
5, 16, 7, 1000, 1000000
20220706-201725
loosing coalitions taken
[1, 3, 7, 11, 21]
[1, 5, 6, 11, 23]
[1, 2, 8, 12, 17]
[1, 3, 8, 13, 15]
[2, 3, 6, 14, 26]
[1, 3, 9, 10, 12]
[1, 2, 9, 11, 13]
[1, 2, 7, 14, 20]
[2, 5, 6, 8, 9]
[2, 4, 5, 13]
[3, 5, 6, 7, 12]
[3, 4, 6, 8]
[1, 4, 7, 9, 19]
[16, 17, 18, 19, 20, 21, 22, 23, 24, 25, 26, 27, 28]


5
process id 3
stats
5, 15, 7, 1000, 1000000
20220706-202007
loosing coalitions taken
[1, 5, 6, 15, 16]
[1, 4, 8, 10, 15]
[1, 3, 8, 11, 18]
[2, 5, 6, 8, 10]
[2, 3, 6, 15, 25]
[2, 4, 6, 11, 22]
[1, 4, 6, 25, 28]
[2, 4, 5, 20]
[3, 4, 6, 9, 21]
[3, 5, 6, 7, 14]
[1, 4, 7, 9, 13]
[1, 2, 9, 11, 12]
[1, 3, 7, 10, 22]
[1, 2, 7, 8]
[16, 17, 18, 19, 20, 21, 22, 23, 24, 25, 26, 27, 28]


5
process id 4
stats
5, 14, 7, 1000, 1000000
20220706-202012
loosing coalitions taken
[1, 2, 7, 10, 25]
[1, 3, 7, 15, 17]
[3, 4, 5, 16]
[1, 3, 8, 9, 18]
[2, 3, 6, 9, 28]
[2, 5, 6, 7, 13]
[1, 2, 9, 11, 13]
[1, 2, 8, 12, 16]
[1, 4, 6, 25, 26]
[1, 5, 6, 8, 27]
[2, 4, 6, 12, 17]
[1, 4, 7, 9, 14]
[1, 4, 8, 10, 11]
[16, 17, 18, 19, 20, 21, 22, 23, 24, 25, 26, 27, 28]


5
process id 5
stats
5, 13, 7, 1000, 1000000
20220706-202019
loosing coalitions taken
[3, 4, 5, 13]
[1, 4, 7, 11, 12]
[1, 2, 7, 16, 20]
[1, 4, 6, 23, 28]
[1, 2, 8, 11, 19]
[1, 4, 8, 10, 14]
[1, 5, 6, 9, 21]
[1, 3, 7, 14, 19]
[1, 2, 9, 12, 14]
[1, 3, 8, 12, 17]
[2, 4, 6, 15, 16]
[2, 3, 6, 10, 22]
[16, 17, 18, 19, 20, 21, 22, 23, 24, 25, 26, 27, 28]


5
process id 2
stats
5, 16, 7, 1000, 1000000
20220706-202052
loosing coalitions taken
[2, 4, 5, 15, 27]
[3, 4, 5, 17, 19]
[2, 3, 5, 20]
[1, 3, 7, 14, 16]
[1, 2, 8, 13, 18]
[1, 4, 7, 10, 18]
[1, 3, 9, 10, 11]
[1, 5, 6, 15, 16]
[1, 2, 9, 12, 14]
[1, 2, 7, 15, 17]
[2, 4, 6, 9, 24]
[1, 4, 6, 22, 28]
[3, 4, 6, 7]
[1, 3, 8, 12, 17]
[1, 4, 8, 11, 14]
[16, 17, 18, 19, 20, 21, 22, 23, 24, 25, 26, 27, 28]


5
process id 1
stats
5, 17, 7, 1000, 1000000
20220706-202225
loosing coalitions taken
[1, 3, 7, 14, 20]
[1, 2, 7, 15, 22]
[3, 4, 5, 15, 27]
[1, 3, 8, 11, 17]
[2, 3, 6, 10]
[2, 4, 5, 14]
[1, 4, 6, 22, 27]
[1, 5, 6, 9, 26]
[2, 3, 5, 22]
[3, 4, 6, 8]
[2, 4, 6, 13, 18]
[2, 5, 6, 7, 12]
[1, 2, 9, 11, 12]
[1, 2, 8, 13, 19]
[2, 3, 7, 8, 9]
[16, 17, 18, 19, 20, 21, 22, 23, 24, 25, 26, 27, 28]


6
process id 0
stats
5, 18, 7, 1000, 1000000
20220706-202250
loosing coalitions taken
[1, 2, 8, 9, 16]
[1, 4, 7, 8]
[2, 4, 6, 10, 19]
[2, 4, 5, 20]
[2, 3, 6, 9]
[2, 3, 5, 21]
[3, 4, 6, 8]
[2, 5, 6, 7, 15]
[1, 2, 7, 12, 21]
[3, 4, 5, 15, 28]
[1, 5, 6, 10, 22]
[1, 3, 7, 13, 18]
[1, 2, 10, 11, 13]
[1, 4, 6, 26]
[1, 3, 8, 14, 15]
[1, 3, 9, 10, 12]
[16, 17, 18, 19, 20, 21, 22, 23, 24, 25, 26, 27, 28]


5
process id 4
stats
5, 14, 7, 1000, 1000000
20220706-202343
loosing coalitions taken
[1, 5, 6, 9, 21]
[1, 2, 9, 12, 13]
[3, 4, 5, 9, 27]
[1, 3, 7, 13, 19]
[1, 3, 8, 10, 18]
[1, 4, 6, 22]
[1, 2, 7, 14, 18]
[1, 2, 8, 15, 16]
[2, 3, 6, 12, 27]
[3, 5, 6, 7, 10]
[2, 4, 5, 19]
[2, 3, 7, 8, 9]
[16, 17, 18, 19, 20, 21, 22, 23, 24, 25, 26, 27, 28]


5
process id 5
stats
5, 13, 7, 1000, 1000000
20220706-202352
loosing coalitions taken
[1, 2, 7, 16, 19]
[1, 3, 8, 12, 19]
[3, 5, 6, 7, 11]
[1, 4, 6, 22]
[1, 2, 8, 15, 17]
[2, 3, 6, 15, 19]
[2, 3, 7, 8, 9]
[1, 3, 7, 13, 20]
[1, 2, 9, 12, 14]
[1, 2, 10, 11, 13]
[3, 4, 5, 20, 24]
[2, 4, 5, 21, 26]
[16, 17, 18, 19, 20, 21, 22, 23, 24, 25, 26, 27, 28]


5
process id 3
stats
5, 15, 7, 1000, 1000000
20220706-202358
loosing coalitions taken
[1, 3, 8, 14, 15]
[1, 3, 7, 11, 22]
[1, 4, 6, 27, 28]
[2, 4, 5, 18]
[1, 2, 7, 15, 21]
[1, 4, 8, 10, 12]
[2, 3, 6, 15, 27]
[1, 4, 7, 9, 19]
[1, 2, 8, 13, 17]
[1, 5, 6, 11, 17]
[3, 4, 6, 14, 16]
[1, 2, 9, 10, 11]
[2, 3, 7, 8, 9]
[16, 17, 18, 19, 20, 21, 22, 23, 24, 25, 26, 27, 28]


5
process id 5
stats
5, 13, 7, 1000, 1000000
20220706-202649
loosing coalitions taken
[1, 3, 7, 13, 20]
[1, 3, 8, 11, 12]
[1, 4, 7, 9, 17]
[1, 2, 9, 12, 14]
[2, 4, 5, 16, 23]
[3, 4, 5, 18, 20]
[1, 2, 7, 11, 22]
[2, 3, 6, 13]
[1, 2, 8, 15, 16]
[1, 4, 6, 24, 26]
[1, 5, 6, 14, 22]
[1, 4, 8, 10, 14]
[16, 17, 18, 19, 20, 21, 22, 23, 24, 25, 26, 27, 28]


5
process id 3
stats
5, 15, 7, 1000, 1000000
20220706-202714
loosing coalitions taken
[1, 3, 7, 12, 16]
[1, 3, 8, 13, 14]
[2, 3, 6, 16, 20]
[2, 3, 7, 8, 10]
[2, 4, 6, 10, 18]
[1, 5, 6, 13, 18]
[1, 2, 9, 11, 13]
[1, 2, 10, 12, 14]
[2, 5, 6, 7, 12]
[3, 4, 6, 12, 21]
[2, 3, 5, 18]
[1, 4, 6, 26]
[1, 2, 8, 15, 16]
[1, 2, 7, 17, 19]
[16, 17, 18, 19, 20, 21, 22, 23, 24, 25, 26, 27, 28]


5
process id 4
stats
5, 14, 7, 1000, 1000000
20220706-202749
loosing coalitions taken
[2, 3, 6, 12, 28]
[1, 3, 7, 13, 17]
[1, 3, 8, 11, 14]
[2, 5, 6, 7, 13]
[1, 5, 6, 14, 21]
[1, 2, 9, 12, 14]
[3, 4, 6, 11, 17]
[1, 2, 10, 11, 13]
[2, 4, 6, 16, 19]
[2, 4, 5, 20, 23]
[2, 3, 5, 17]
[1, 4, 7, 10, 18]
[1, 2, 7, 8]
[16, 17, 18, 19, 20, 21, 22, 23, 24, 25, 26, 27, 28]


6
process id 2
stats
5, 16, 7, 1000, 1000000
20220706-202813
loosing coalitions taken
[1, 4, 8, 9, 15]
[1, 3, 7, 11, 21]
[1, 4, 7, 13, 14]
[1, 3, 8, 13, 16]
[1, 3, 9, 10, 12]
[1, 2, 9, 11, 13]
[1, 2, 7, 16, 19]
[2, 3, 6, 14, 27]
[3, 5, 6, 7, 12]
[1, 4, 6, 26]
[1, 2, 8, 12, 20]
[2, 4, 5, 17, 25]
[3, 4, 5, 13]
[2, 5, 6, 8, 11]
[16, 17, 18, 19, 20, 21, 22, 23, 24, 25, 26, 27, 28]


5
process id 3
stats
5, 15, 7, 1000, 1000000
20220706-203022
loosing coalitions taken
[2, 5, 6, 8, 10]
[1, 3, 9, 10, 11]
[1, 5, 6, 13, 23]
[1, 4, 7, 10, 18]
[2, 3, 7, 8, 9]
[1, 3, 8, 12, 18]
[1, 2, 8, 11, 16]
[1, 2, 7, 13, 19]
[2, 3, 6, 11]
[1, 2, 9, 12, 14]
[1, 3, 7, 14, 17]
[1, 4, 6, 22]
[3, 4, 5, 16, 24]
[2, 4, 5, 20]
[16, 17, 18, 19, 20, 21, 22, 23, 24, 25, 26, 27, 28]


6
process id 1
stats
5, 17, 7, 1000, 1000000
20220706-203109
loosing coalitions taken
[1, 3, 9, 10, 11]
[1, 3, 7, 15, 20]
[1, 2, 8, 11, 21]
[2, 4, 5, 17, 24]
[1, 4, 6, 25, 26]
[1, 4, 7, 12, 14]
[1, 5, 6, 13, 17]
[3, 4, 5, 9]
[1, 3, 8, 12, 17]
[1, 2, 10, 12, 13]
[1, 4, 8, 10, 15]
[2, 3, 6, 13, 27]
[2, 4, 6, 12, 21]
[2, 5, 6, 7, 15]
[2, 3, 7, 8, 10]
[16, 17, 18, 19, 20, 21, 22, 23, 24, 25, 26, 27, 28]


5
process id 4
stats
5, 14, 7, 1000, 1000000
20220706-203128
loosing coalitions taken
[1, 3, 8, 11, 18]
[1, 3, 7, 14, 19]
[1, 5, 6, 8, 27]
[1, 2, 7, 12, 25]
[1, 4, 6, 22]
[3, 4, 5, 18, 21]
[2, 4, 5, 16]
[2, 3, 6, 14, 20]
[2, 3, 7, 8, 10]
[1, 3, 9, 10, 12]
[3, 5, 6, 7, 12]
[1, 2, 9, 11, 13]
[1, 2, 8, 15, 17]
[16, 17, 18, 19, 20, 21, 22, 23, 24, 25, 26, 27, 28]


5
process id 2
stats
5, 16, 7, 1000, 1000000
20220706-203204
loosing coalitions taken
[2, 4, 5, 17, 22]
[2, 3, 5, 25]
[1, 2, 8, 11, 20]
[1, 2, 7, 15, 17]
[1, 3, 7, 14, 18]
[1, 4, 7, 9, 11]
[1, 2, 9, 10, 14]
[2, 4, 6, 14, 21]
[1, 4, 6, 24, 26]
[3, 4, 6, 13, 17]
[1, 3, 8, 12, 16]
[1, 4, 8, 10, 15]
[1, 5, 6, 12, 20]
[4, 5, 6, 7, 8]
[16, 17, 18, 19, 20, 21, 22, 23, 24, 25, 26, 27, 28]


5
process id 5
stats
5, 13, 7, 1000, 1000000
20220706-203303
loosing coalitions taken
[2, 3, 6, 9]
[1, 3, 8, 12, 15]
[1, 2, 8, 14, 19]
[1, 3, 7, 10, 18]
[1, 4, 7, 12, 16]
[1, 2, 7, 15, 20]
[1, 5, 6, 12, 17]
[1, 4, 8, 9, 10]
[1, 4, 6, 28]
[3, 4, 5, 19, 23]
[2, 4, 5, 14]
[1, 2, 10, 11, 12]
[16, 17, 18, 19, 20, 21, 22, 23, 24, 25, 26, 27, 28]


6
process id 0
stats
5, 18, 7, 1000, 1000000
20220706-203325
loosing coalitions taken
[1, 4, 7, 9, 11]
[1, 3, 7, 16, 18]
[1, 4, 6, 28]
[2, 3, 6, 14, 24]
[3, 5, 6, 7, 11]
[1, 2, 8, 13, 17]
[1, 2, 7, 12, 22]
[1, 3, 9, 10, 12]
[1, 3, 8, 11, 14]
[3, 4, 5, 15]
[2, 3, 5, 21]
[2, 4, 5, 20]
[2, 4, 6, 8]
[1, 5, 6, 10, 19]
[3, 4, 6, 13, 20]
[1, 4, 8, 10, 15]
[16, 17, 18, 19, 20, 21, 22, 23, 24, 25, 26, 27, 28]


5
process id 3
stats
5, 15, 7, 1000, 1000000
20220706-203337
loosing coalitions taken
[2, 4, 6, 11, 24]
[1, 2, 9, 12, 13]
[1, 2, 7, 11, 23]
[1, 3, 7, 15, 17]
[1, 3, 8, 11, 18]
[1, 4, 6, 27, 28]
[3, 4, 6, 10, 18]
[1, 5, 6, 9, 20]
[1, 2, 8, 14, 17]
[1, 4, 8, 10, 13]
[4, 5, 6, 7, 8]
[1, 4, 7, 9, 14]
[3, 4, 5, 17, 25]
[2, 4, 5, 12]
[16, 17, 18, 19, 20, 21, 22, 23, 24, 25, 26, 27, 28]


5
process id 1
stats
5, 17, 7, 1000, 1000000
20220706-203436
loosing coalitions taken
[1, 2, 9, 11, 12]
[1, 2, 7, 10, 17]
[1, 3, 8, 10, 18]
[1, 5, 6, 15, 21]
[1, 3, 7, 12, 16]
[1, 4, 6, 24, 26]
[1, 4, 8, 12, 14]
[2, 3, 6, 16, 23]
[2, 4, 6, 8, 28]
[2, 5, 6, 7, 12]
[1, 2, 8, 15, 16]
[1, 4, 7, 9, 18]
[3, 4, 5, 16, 26]
[2, 3, 5, 18]
[3, 4, 6, 11, 17]
[16, 17, 18, 19, 20, 21, 22, 23, 24, 25, 26, 27, 28]


5
process id 4
stats
5, 14, 7, 1000, 1000000
20220706-203521
loosing coalitions taken
[3, 4, 5, 15]
[1, 2, 8, 11, 21]
[1, 2, 9, 12, 13]
[2, 3, 6, 14, 20]
[1, 5, 6, 14, 16]
[1, 4, 6, 26]
[2, 5, 6, 7, 12]
[1, 3, 8, 12, 17]
[2, 3, 7, 8, 9]
[1, 2, 7, 14, 23]
[1, 3, 9, 10, 11]
[1, 3, 7, 16, 18]
[16, 17, 18, 19, 20, 21, 22, 23, 24, 25, 26, 27, 28]


6
process id 5
stats
5, 13, 7, 1000, 1000000
20220706-203642
loosing coalitions taken
[2, 3, 6, 10]
[1, 2, 7, 14, 17]
[1, 3, 8, 12, 16]
[2, 4, 5, 17, 27]
[1, 2, 8, 13, 20]
[1, 3, 7, 9, 24]
[1, 5, 6, 16, 20]
[1, 4, 6, 23, 26]
[1, 4, 8, 10, 11]
[1, 4, 7, 12, 15]
[3, 4, 5, 16, 28]
[1, 2, 9, 11, 12]
[16, 17, 18, 19, 20, 21, 22, 23, 24, 25, 26, 27, 28]


5
process id 1
stats
5, 17, 7, 1000, 1000000
20220706-203734
loosing coalitions taken
[2, 3, 6, 11, 22]
[2, 4, 5, 15, 27]
[1, 5, 6, 14, 19]
[1, 2, 7, 14, 18]
[2, 4, 6, 12, 16]
[3, 4, 6, 13, 19]
[1, 3, 7, 11, 19]
[1, 4, 8, 10, 11]
[1, 4, 6, 22]
[1, 2, 9, 10, 13]
[1, 3, 8, 12, 17]
[3, 4, 5, 17, 18]
[2, 3, 5, 24, 26]
[2, 3, 7, 8, 10]
[1, 2, 8, 15, 16]
[16, 17, 18, 19, 20, 21, 22, 23, 24, 25, 26, 27, 28]


6
process id 0
stats
5, 18, 7, 1000, 1000000
20220706-203735
loosing coalitions taken
[1, 2, 7, 13, 24]
[2, 3, 6, 19, 21]
[1, 3, 9, 10, 12]
[1, 4, 8, 11, 13]
[3, 4, 6, 9, 22]
[3, 5, 6, 7, 12]
[1, 2, 8, 10, 19]
[1, 3, 7, 11, 19]
[1, 4, 6, 25, 27]
[2, 4, 5, 16, 27]
[3, 4, 5, 13, 28]
[2, 3, 5, 23]
[2, 4, 6, 14, 20]
[1, 4, 7, 9, 16]
[1, 5, 6, 10, 17]
[1, 3, 8, 15, 16]
[16, 17, 18, 19, 20, 21, 22, 23, 24, 25, 26, 27, 28]


5
process id 3
stats
5, 15, 7, 1000, 1000000
20220706-203743
loosing coalitions taken
[3, 4, 5, 17, 22]
[1, 2, 7, 14, 17]
[2, 4, 6, 14, 18]
[1, 4, 6, 25]
[2, 4, 5, 20, 21]
[1, 3, 9, 10, 12]
[1, 2, 8, 9, 20]
[1, 3, 8, 15, 16]
[1, 3, 7, 11, 23]
[2, 3, 6, 15, 21]
[2, 3, 5, 19, 27]
[2, 5, 6, 8, 11]
[2, 3, 7, 8, 10]
[1, 2, 10, 11, 13]
[16, 17, 18, 19, 20, 21, 22, 23, 24, 25, 26, 27, 28]


6
process id 2
stats
5, 16, 7, 1000, 1000000
20220706-203854
loosing coalitions taken
[1, 2, 10, 11, 14]
[1, 5, 6, 11, 17]
[2, 4, 5, 21, 23]
[2, 4, 6, 10, 19]
[1, 3, 9, 10, 12]
[3, 4, 6, 12, 20]
[2, 3, 5, 19, 26]
[3, 5, 6, 7, 9]
[2, 3, 6, 13]
[3, 4, 5, 17, 27]
[1, 4, 7, 9, 16]
[1, 3, 7, 8, 26]
[1, 4, 6, 27]
[1, 2, 7, 15, 20]
[1, 2, 8, 12, 17]
[16, 17, 18, 19, 20, 21, 22, 23, 24, 25, 26, 27, 28]


5
process id 5
stats
5, 13, 7, 1000, 1000000
20220706-204003
loosing coalitions taken
[3, 4, 5, 13]
[1, 3, 8, 12, 16]
[1, 3, 9, 10, 11]
[2, 3, 7, 8, 10]
[1, 3, 7, 14, 20]
[2, 3, 6, 11]
[1, 2, 10, 12, 14]
[1, 2, 7, 13, 24]
[1, 2, 8, 9, 21]
[1, 4, 7, 8]
[1, 5, 6, 9, 23]
[16, 17, 18, 19, 20, 21, 22, 23, 24, 25, 26, 27, 28]


5
process id 3
stats
5, 15, 7, 1000, 1000000
20220706-204045
loosing coalitions taken
[2, 4, 5, 21, 24]
[1, 3, 8, 11, 17]
[1, 4, 6, 24, 28]
[1, 5, 6, 11, 19]
[3, 4, 5, 16]
[2, 3, 6, 10, 27]
[1, 4, 8, 10, 13]
[2, 4, 6, 13, 17]
[1, 2, 7, 13, 22]
[1, 3, 7, 9, 20]
[2, 5, 6, 8, 9]
[1, 2, 9, 11, 14]
[1, 4, 7, 11, 12]
[1, 2, 8, 12, 19]
[16, 17, 18, 19, 20, 21, 22, 23, 24, 25, 26, 27, 28]


5
process id 4
stats
5, 14, 7, 1000, 1000000
20220706-204232
loosing coalitions taken
[1, 2, 7, 15, 17]
[1, 3, 7, 9, 18]
[3, 5, 6, 7, 12]
[1, 2, 9, 11, 12]
[2, 4, 5, 18, 25]
[3, 4, 5, 13]
[2, 3, 6, 15, 22]
[2, 5, 6, 8, 9]
[1, 2, 8, 14, 20]
[1, 3, 8, 11, 17]
[1, 5, 6, 14, 21]
[1, 4, 7, 8]
[16, 17, 18, 19, 20, 21, 22, 23, 24, 25, 26, 27, 28]


5
process id 5
stats
5, 13, 7, 1000, 1000000
20220706-204314
loosing coalitions taken
[1, 2, 7, 10, 22]
[2, 3, 6, 14, 28]
[1, 5, 6, 16, 17]
[1, 3, 7, 9, 18]
[1, 2, 8, 13, 20]
[1, 3, 8, 15, 16]
[2, 3, 5, 20]
[2, 4, 6, 9, 25]
[3, 4, 6, 13, 18]
[1, 2, 9, 12, 14]
[1, 4, 6, 26, 27]
[1, 4, 7, 13, 15]
[16, 17, 18, 19, 20, 21, 22, 23, 24, 25, 26, 27, 28]


5
process id 3
stats
5, 15, 7, 1000, 1000000
20220706-204515
loosing coalitions taken
[2, 4, 5, 18]
[1, 2, 7, 17, 19]
[1, 3, 7, 9, 22]
[1, 4, 6, 23, 26]
[1, 5, 6, 13, 24]
[2, 3, 6, 14, 27]
[3, 4, 6, 13, 21]
[1, 2, 10, 12, 13]
[1, 2, 9, 11, 14]
[1, 3, 8, 12, 15]
[2, 3, 7, 8, 10]
[1, 4, 7, 13, 15]
[1, 4, 8, 10, 14]
[16, 17, 18, 19, 20, 21, 22, 23, 24, 25, 26, 27, 28]


5
process id 2
stats
5, 16, 7, 1000, 1000000
20220706-204528
loosing coalitions taken
[1, 3, 7, 15, 16]
[2, 3, 7, 8, 10]
[1, 2, 9, 10, 14]
[1, 2, 8, 11, 20]
[2, 4, 6, 14, 17]
[3, 4, 6, 9, 21]
[1, 4, 7, 12, 14]
[2, 3, 5, 18, 27]
[2, 4, 5, 21, 22]
[2, 3, 6, 13, 20]
[3, 4, 5, 15]
[1, 2, 7, 13, 22]
[1, 5, 6, 10, 23]
[1, 4, 6, 28]
[1, 3, 8, 13, 14]
[16, 17, 18, 19, 20, 21, 22, 23, 24, 25, 26, 27, 28]


6
process id 4
stats
5, 14, 7, 1000, 1000000
20220706-204615
loosing coalitions taken
[1, 2, 8, 11, 15]
[3, 4, 6, 9, 21]
[2, 4, 5, 13]
[1, 5, 6, 14, 17]
[1, 3, 9, 10, 11]
[1, 2, 10, 12, 14]
[2, 3, 6, 15, 25]
[1, 4, 6, 27]
[1, 3, 8, 14, 16]
[1, 3, 7, 12, 17]
[2, 3, 7, 8, 10]
[1, 2, 7, 9]
[3, 5, 6, 7, 11]
[16, 17, 18, 19, 20, 21, 22, 23, 24, 25, 26, 27, 28]


6
process id 1
stats
5, 17, 7, 1000, 1000000
20220706-204637
loosing coalitions taken
[1, 4, 6, 22]
[1, 3, 7, 13, 18]
[2, 4, 5, 15, 25]
[3, 4, 5, 10]
[1, 3, 8, 11, 12]
[1, 2, 8, 14, 17]
[1, 2, 9, 10, 11]
[1, 2, 7, 12, 24]
[2, 3, 6, 13]
[2, 3, 5, 21]
[2, 4, 6, 8]
[1, 5, 6, 9, 19]
[1, 4, 7, 9, 17]
[3, 4, 6, 14, 16]
[1, 4, 8, 10, 13]
[2, 5, 6, 7, 16]
[16, 17, 18, 19, 20, 21, 22, 23, 24, 25, 26, 27, 28]


5
process id 5
stats
5, 13, 7, 1000, 1000000
20220706-204639
loosing coalitions taken
[1, 3, 8, 13, 16]
[2, 4, 5, 16, 22]
[3, 4, 5, 10]
[1, 4, 7, 12, 13]
[1, 3, 7, 15, 21]
[2, 3, 6, 11, 21]
[2, 4, 6, 12, 17]
[1, 2, 7, 14, 19]
[1, 2, 9, 10, 12]
[2, 3, 7, 8, 9]
[1, 5, 6, 13, 21]
[1, 4, 6, 24]
[16, 17, 18, 19, 20, 21, 22, 23, 24, 25, 26, 27, 28]


6
process id 0
stats
5, 18, 7, 1000, 1000000
20220706-204832
loosing coalitions taken
[1, 3, 7, 15, 19]
[1, 2, 8, 12, 21]
[1, 2, 7, 9]
[2, 3, 6, 12]
[2, 4, 5, 18]
[1, 4, 6, 24]
[2, 4, 6, 15, 17]
[3, 4, 6, 8]
[3, 4, 5, 20, 21]
[1, 4, 7, 10, 13]
[1, 5, 6, 8]
[2, 5, 6, 7, 16]
[1, 4, 8, 9, 14]
[1, 2, 10, 11, 14]
[2, 3, 5, 17]
[1, 3, 9, 10, 12]
[16, 17, 18, 19, 20, 21, 22, 23, 24, 25, 26, 27, 28]


5
process id 3
stats
5, 15, 7, 1000, 1000000
20220706-204835
loosing coalitions taken
[1, 3, 8, 9, 19]
[1, 2, 9, 12, 14]
[2, 3, 6, 14, 28]
[2, 4, 5, 20, 28]
[1, 2, 8, 11, 18]
[3, 4, 6, 13, 15]
[2, 4, 6, 9, 25]
[1, 3, 7, 13, 18]
[1, 2, 7, 10, 25]
[1, 4, 7, 8]
[1, 5, 6, 11, 16]
[2, 5, 6, 7, 13]
[3, 4, 5, 17, 19]
[2, 3, 5, 25]
[16, 17, 18, 19, 20, 21, 22, 23, 24, 25, 26, 27, 28]


5
process id 2
stats
5, 16, 7, 1000, 1000000
20220706-204848
loosing coalitions taken
[1, 2, 7, 9, 20]
[1, 3, 8, 11, 15]
[2, 3, 6, 17, 20]
[3, 4, 6, 8, 27]
[1, 4, 7, 10, 19]
[1, 5, 6, 10, 24]
[1, 4, 6, 26, 28]
[1, 3, 7, 14, 22]
[3, 5, 6, 7, 11]
[2, 4, 6, 9, 24]
[2, 3, 5, 21]
[1, 3, 9, 10, 12]
[1, 4, 8, 12, 13]
[1, 2, 10, 11, 13]
[1, 2, 8, 14, 18]
[16, 17, 18, 19, 20, 21, 22, 23, 24, 25, 26, 27, 28]


5
process id 4
stats
5, 14, 7, 1000, 1000000
20220706-205014
loosing coalitions taken
[2, 5, 6, 8, 11]
[1, 3, 7, 10, 17]
[1, 2, 7, 12, 22]
[1, 2, 8, 14, 18]
[1, 3, 8, 11, 12]
[1, 2, 9, 10, 11]
[2, 3, 7, 8, 9]
[2, 3, 6, 14, 26]
[1, 4, 6, 25]
[2, 3, 5, 22, 24]
[2, 4, 5, 13]
[3, 5, 6, 7, 12]
[16, 17, 18, 19, 20, 21, 22, 23, 24, 25, 26, 27, 28]


5
process id 1
stats
5, 17, 7, 1000, 1000000
20220706-205040
loosing coalitions taken
[1, 2, 8, 13, 18]
[1, 4, 7, 10, 19]
[2, 3, 6, 11, 26]
[2, 5, 6, 8, 9]
[1, 2, 10, 12, 14]
[1, 3, 7, 15, 16]
[3, 4, 6, 9, 15]
[1, 4, 6, 22, 27]
[1, 5, 6, 10, 23]
[1, 4, 8, 9, 11]
[1, 3, 8, 12, 17]
[1, 2, 7, 9]
[2, 3, 5, 18]
[2, 4, 6, 10, 17]
[16, 17, 18, 19, 20, 21, 22, 23, 24, 25, 26, 27, 28]


5
process id 5
stats
5, 13, 7, 1000, 1000000
20220706-205059
loosing coalitions taken
[1, 3, 8, 11, 16]
[1, 4, 7, 11, 13]
[1, 2, 9, 12, 13]
[1, 2, 7, 16, 20]
[1, 2, 8, 15, 17]
[1, 2, 10, 11, 14]
[2, 3, 5, 25]
[1, 3, 7, 9, 24]
[2, 4, 6, 10, 24]
[3, 4, 6, 11, 21]
[1, 5, 6, 10, 21]
[1, 4, 8, 10, 12]
[16, 17, 18, 19, 20, 21, 22, 23, 24, 25, 26, 27, 28]


5
process id 2
stats
5, 16, 7, 1000, 1000000
20220706-205236
loosing coalitions taken
[1, 2, 8, 15, 17]
[3, 5, 6, 7, 13]
[1, 3, 8, 9, 18]
[2, 3, 6, 12, 23]
[2, 3, 7, 8, 10]
[1, 4, 6, 26, 28]
[1, 4, 7, 13, 15]
[3, 4, 6, 9, 22]
[1, 5, 6, 14, 16]
[1, 3, 7, 12, 16]
[1, 2, 9, 10, 13]
[1, 4, 8, 11, 14]
[2, 3, 5, 17]
[2, 4, 6, 13, 18]
[16, 17, 18, 19, 20, 21, 22, 23, 24, 25, 26, 27, 28]


5
process id 3
stats
5, 15, 7, 1000, 1000000
20220706-205252
loosing coalitions taken
[1, 2, 8, 14, 16]
[2, 4, 5, 11]
[1, 5, 6, 10, 22]
[1, 3, 9, 10, 11]
[2, 3, 6, 13, 25]
[3, 4, 6, 12, 15]
[1, 4, 6, 24, 26]
[1, 3, 7, 15, 19]
[1, 3, 8, 12, 17]
[3, 5, 6, 7, 9]
[1, 2, 7, 9, 27]
[2, 3, 7, 8, 10]
[1, 2, 10, 12, 13]
[16, 17, 18, 19, 20, 21, 22, 23, 24, 25, 26, 27, 28]


5
process id 4
stats
5, 14, 7, 1000, 1000000
20220706-205347
loosing coalitions taken
[1, 2, 8, 9, 21]
[2, 4, 5, 19]
[1, 4, 6, 24, 26]
[1, 4, 7, 8, 28]
[1, 2, 10, 12, 14]
[3, 4, 6, 10, 18]
[2, 3, 6, 11, 22]
[1, 3, 7, 11, 19]
[3, 5, 6, 7, 9]
[1, 5, 6, 14, 17]
[1, 3, 8, 12, 17]
[2, 3, 7, 8, 10]
[16, 17, 18, 19, 20, 21, 22, 23, 24, 25, 26, 27, 28]


5
process id 5
stats
5, 13, 7, 1000, 1000000
20220706-205413
loosing coalitions taken
[1, 4, 7, 11, 17]
[1, 2, 9, 11, 12]
[2, 3, 6, 9]
[3, 4, 5, 15, 27]
[2, 4, 5, 17]
[1, 2, 7, 13, 25]
[1, 3, 7, 15, 21]
[1, 3, 8, 11, 19]
[1, 4, 8, 13, 14]
[1, 5, 6, 10, 22]
[1, 2, 8, 10, 16]
[1, 4, 6, 23]
[16, 17, 18, 19, 20, 21, 22, 23, 24, 25, 26, 27, 28]


5
process id 1
stats
5, 17, 7, 1000, 1000000
20220706-205459
loosing coalitions taken
[1, 2, 9, 11, 14]
[2, 3, 6, 19, 21]
[1, 5, 6, 9, 18]
[1, 3, 9, 10, 12]
[1, 2, 7, 17, 18]
[2, 3, 7, 8, 9]
[1, 2, 8, 10, 16]
[3, 5, 6, 7, 15]
[1, 3, 8, 14, 15]
[2, 4, 5, 17, 24]
[3, 4, 5, 19, 23]
[2, 3, 5, 20]
[3, 4, 6, 10, 18]
[1, 4, 7, 8, 23]
[1, 4, 6, 24]
[16, 17, 18, 19, 20, 21, 22, 23, 24, 25, 26, 27, 28]


5
process id 3
stats
5, 15, 7, 1000, 1000000
20220706-205633
loosing coalitions taken
[1, 3, 8, 11, 13]
[2, 3, 6, 13, 20]
[3, 4, 6, 9, 18]
[1, 3, 7, 16, 19]
[1, 3, 9, 10, 12]
[3, 4, 5, 11]
[2, 4, 6, 14, 16]
[1, 2, 9, 11, 14]
[2, 3, 7, 8, 9]
[1, 4, 7, 12, 14]
[1, 2, 7, 17, 18]
[1, 4, 8, 10, 15]
[1, 5, 6, 8]
[16, 17, 18, 19, 20, 21, 22, 23, 24, 25, 26, 27, 28]


5
process id 2
stats
5, 16, 7, 1000, 1000000
20220706-205649
loosing coalitions taken
[1, 5, 6, 11, 25]
[2, 4, 5, 21, 22]
[1, 3, 8, 10, 13]
[1, 2, 9, 11, 13]
[1, 3, 7, 16, 19]
[1, 2, 8, 12, 16]
[1, 2, 7, 15, 22]
[1, 4, 7, 10, 14]
[3, 4, 6, 9, 17]
[2, 4, 6, 11, 23]
[1, 4, 6, 27, 28]
[2, 3, 6, 15, 19]
[3, 4, 5, 10]
[2, 3, 7, 8, 9]
[16, 17, 18, 19, 20, 21, 22, 23, 24, 25, 26, 27, 28]


5
process id 5
stats
5, 13, 7, 1000, 1000000
20220706-205721
loosing coalitions taken
[2, 4, 5, 14]
[2, 3, 6, 11]
[1, 2, 7, 9, 23]
[1, 2, 8, 13, 15]
[1, 3, 7, 15, 17]
[1, 3, 8, 14, 16]
[1, 4, 6, 25, 27]
[1, 4, 8, 11, 12]
[1, 4, 7, 10, 19]
[1, 5, 6, 8]
[1, 3, 9, 10, 12]
[16, 17, 18, 19, 20, 21, 22, 23, 24, 25, 26, 27, 28]


5
process id 4
stats
5, 14, 7, 1000, 1000000
20220706-205751
loosing coalitions taken
[1, 3, 7, 12, 16]
[3, 4, 6, 9, 17]
[1, 5, 6, 14, 22]
[1, 2, 8, 10, 19]
[1, 2, 7, 14, 17]
[3, 4, 5, 15]
[2, 4, 6, 12, 23]
[2, 3, 6, 16, 19]
[1, 4, 6, 26, 28]
[1, 3, 8, 9, 13]
[1, 4, 7, 10, 18]
[1, 4, 8, 11, 14]
[2, 5, 6, 8, 9]
[16, 17, 18, 19, 20, 21, 22, 23, 24, 25, 26, 27, 28]


6
process id 0
stats
5, 18, 7, 1000, 1000000
20220706-205840
loosing coalitions taken
[2, 3, 6, 19, 20]
[1, 3, 7, 12, 18]
[3, 4, 5, 13]
[2, 5, 6, 7, 9]
[1, 2, 7, 10, 21]
[1, 2, 8, 14, 20]
[1, 4, 6, 22]
[1, 4, 8, 11, 13]
[1, 2, 9, 12, 13]
[3, 4, 6, 8, 26]
[1, 3, 9, 10, 11]
[2, 4, 5, 14]
[2, 4, 6, 10, 17]
[2, 3, 5, 22]
[1, 4, 7, 14, 16]
[1, 3, 8, 15, 16]
[16, 17, 18, 19, 20, 21, 22, 23, 24, 25, 26, 27, 28]


5
process id 3
stats
5, 15, 7, 1000, 1000000
20220706-205938
loosing coalitions taken
[2, 4, 6, 16, 18]
[1, 5, 6, 9, 24]
[3, 4, 5, 15, 22]
[1, 2, 8, 15, 16]
[1, 3, 8, 10, 14]
[2, 3, 7, 8, 9]
[1, 2, 7, 12, 19]
[2, 3, 6, 11, 28]
[2, 4, 5, 17]
[1, 3, 7, 13, 16]
[3, 4, 6, 8]
[1, 2, 9, 10, 11]
[1, 4, 7, 11, 15]
[16, 17, 18, 19, 20, 21, 22, 23, 24, 25, 26, 27, 28]


5
process id 2
stats
5, 16, 7, 1000, 1000000
20220706-210033
loosing coalitions taken
[1, 3, 7, 11, 16]
[1, 3, 8, 13, 15]
[1, 4, 6, 23, 25]
[1, 2, 9, 12, 14]
[1, 2, 8, 11, 18]
[1, 5, 6, 9, 26]
[3, 4, 6, 9, 21]
[1, 4, 8, 10, 14]
[1, 2, 7, 10, 25]
[2, 3, 6, 18, 19]
[3, 5, 6, 7, 15]
[2, 3, 5, 22, 24]
[2, 4, 5, 15]
[2, 3, 7, 8, 9]
[16, 17, 18, 19, 20, 21, 22, 23, 24, 25, 26, 27, 28]


5
process id 5
stats
5, 13, 7, 1000, 1000000
20220706-210034
loosing coalitions taken
[1, 2, 8, 14, 16]
[1, 3, 7, 10, 19]
[2, 3, 6, 12, 22]
[1, 5, 6, 9, 21]
[2, 4, 6, 9, 23]
[1, 4, 6, 27]
[2, 4, 5, 16, 28]
[1, 3, 8, 9, 11]
[3, 4, 5, 12]
[1, 2, 7, 9, 17]
[1, 2, 10, 11, 13]
[2, 5, 6, 7, 13]
[16, 17, 18, 19, 20, 21, 22, 23, 24, 25, 26, 27, 28]


5
process id 1
stats
5, 17, 7, 1000, 1000000
20220706-210132
loosing coalitions taken
[3, 4, 5, 21, 23]
[3, 5, 6, 7, 11]
[1, 4, 7, 11, 17]
[1, 5, 6, 12, 16]
[1, 2, 7, 14, 23]
[2, 3, 5, 17, 28]
[1, 3, 7, 13, 16]
[1, 2, 9, 10, 13]
[1, 3, 8, 10, 15]
[2, 5, 6, 8, 10]
[2, 4, 5, 15, 25]
[2, 3, 6, 12, 21]
[3, 4, 6, 8, 26]
[1, 4, 6, 28]
[1, 2, 8, 11, 20]
[16, 17, 18, 19, 20, 21, 22, 23, 24, 25, 26, 27, 28]


5
process id 4
stats
5, 14, 7, 1000, 1000000
20220706-210205
loosing coalitions taken
[2, 3, 6, 16, 17]
[1, 2, 7, 13, 17]
[2, 5, 6, 7, 10]
[1, 3, 8, 13, 16]
[2, 4, 5, 18, 27]
[2, 3, 5, 19]
[1, 2, 10, 11, 14]
[1, 3, 7, 11, 21]
[1, 3, 9, 10, 12]
[1, 2, 8, 12, 18]
[1, 5, 6, 8]
[2, 4, 6, 11, 20]
[1, 4, 7, 9, 15]
[16, 17, 18, 19, 20, 21, 22, 23, 24, 25, 26, 27, 28]


5
process id 3
stats
5, 15, 7, 1000, 1000000
20220706-210347
loosing coalitions taken
[1, 3, 9, 10, 11]
[2, 4, 5, 14]
[1, 5, 6, 11, 17]
[2, 3, 7, 8, 9]
[1, 3, 7, 13, 21]
[2, 3, 6, 13, 20]
[1, 2, 9, 12, 13]
[3, 5, 6, 7, 15]
[1, 3, 8, 12, 14]
[1, 2, 8, 11, 21]
[1, 4, 8, 10, 15]
[1, 4, 7, 9, 18]
[3, 4, 6, 10, 17]
[16, 17, 18, 19, 20, 21, 22, 23, 24, 25, 26, 27, 28]


5
process id 5
stats
5, 13, 7, 1000, 1000000
20220706-210408
loosing coalitions taken
[1, 3, 7, 12, 19]
[1, 5, 6, 15, 20]
[2, 4, 5, 15]
[1, 3, 8, 13, 16]
[1, 4, 6, 24]
[1, 2, 10, 12, 13]
[1, 2, 7, 11, 18]
[1, 2, 8, 14, 17]
[2, 3, 6, 12, 28]
[3, 5, 6, 7, 13]
[1, 3, 9, 10, 11]
[2, 3, 7, 8, 9]
[16, 17, 18, 19, 20, 21, 22, 23, 24, 25, 26, 27, 28]


5
process id 1
stats
5, 17, 7, 1000, 1000000
20220706-210546
loosing coalitions taken
[2, 3, 6, 15, 19]
[2, 3, 5, 24, 26]
[1, 2, 8, 14, 20]
[1, 2, 9, 12, 13]
[3, 4, 5, 18, 20]
[2, 5, 6, 8, 12]
[3, 5, 6, 7, 10]
[1, 3, 8, 11, 17]
[1, 2, 7, 10, 22]
[2, 4, 5, 14]
[1, 3, 7, 12, 20]
[1, 4, 8, 10, 13]
[1, 4, 6, 25, 27]
[1, 5, 6, 9, 26]
[1, 4, 7, 11, 15]
[16, 17, 18, 19, 20, 21, 22, 23, 24, 25, 26, 27, 28]


5
process id 0
stats
5, 18, 7, 1000, 1000000
20220706-210554
loosing coalitions taken
[1, 3, 8, 13, 16]
[1, 2, 7, 9, 17]
[2, 3, 6, 12, 24]
[1, 2, 8, 14, 19]
[1, 3, 7, 12, 22]
[2, 4, 5, 19, 25]
[1, 5, 6, 14, 16]
[1, 3, 9, 10, 11]
[2, 3, 5, 22, 23]
[2, 5, 6, 7, 13]
[1, 2, 10, 12, 13]
[1, 4, 7, 10, 14]
[1, 4, 8, 9, 15]
[2, 4, 6, 8, 28]
[1, 4, 6, 25]
[3, 4, 5, 11]
[16, 17, 18, 19, 20, 21, 22, 23, 24, 25, 26, 27, 28]


5
process id 2
stats
5, 16, 7, 1000, 1000000
20220706-210619
loosing coalitions taken
[1, 2, 9, 11, 14]
[2, 4, 5, 21, 22]
[1, 3, 7, 14, 20]
[1, 3, 8, 9, 18]
[1, 2, 8, 15, 16]
[1, 4, 7, 13, 16]
[2, 3, 6, 15, 24]
[2, 4, 6, 13, 18]
[2, 5, 6, 8, 11]
[1, 2, 7, 10, 24]
[1, 4, 8, 12, 14]
[1, 5, 6, 15, 21]
[1, 4, 6, 28]
[3, 4, 5, 13, 24]
[2, 3, 5, 23]
[16, 17, 18, 19, 20, 21, 22, 23, 24, 25, 26, 27, 28]


5
process id 5
stats
5, 13, 7, 1000, 1000000
20220706-210707
loosing coalitions taken
[1, 2, 7, 10, 23]
[2, 3, 6, 9, 25]
[2, 4, 5, 20, 28]
[3, 4, 5, 19, 24]
[1, 3, 8, 11, 17]
[2, 3, 5, 17]
[1, 2, 9, 11, 12]
[1, 3, 7, 9, 21]
[1, 2, 8, 13, 20]
[1, 4, 7, 13, 14]
[2, 4, 6, 12, 23]
[1, 5, 6, 13, 18]
[16, 17, 18, 19, 20, 21, 22, 23, 24, 25, 26, 27, 28]


5
process id 3
stats
5, 15, 7, 1000, 1000000
20220706-210719
loosing coalitions taken
[1, 3, 8, 11, 19]
[1, 2, 7, 12, 17]
[1, 3, 9, 10, 12]
[1, 4, 6, 23, 26]
[1, 4, 7, 8]
[2, 4, 5, 16, 28]
[3, 4, 5, 19, 22]
[1, 5, 6, 12, 16]
[2, 3, 6, 14, 22]
[2, 3, 5, 17, 26]
[3, 4, 6, 10, 16]
[3, 5, 6, 7, 15]
[2, 4, 6, 9, 18]
[16, 17, 18, 19, 20, 21, 22, 23, 24, 25, 26, 27, 28]


5
process id 4
stats
5, 14, 7, 1000, 1000000
20220706-210800
loosing coalitions taken
[1, 3, 7, 15, 16]
[1, 2, 8, 12, 18]
[2, 4, 5, 13]
[1, 3, 8, 13, 14]
[1, 4, 7, 10, 18]
[1, 5, 6, 11, 21]
[1, 4, 6, 25]
[2, 3, 6, 11, 22]
[1, 2, 10, 11, 14]
[3, 5, 6, 7, 14]
[2, 3, 7, 8, 10]
[1, 3, 9, 10, 12]
[16, 17, 18, 19, 20, 21, 22, 23, 24, 25, 26, 27, 28]


6
process id 3
stats
5, 15, 7, 1000, 1000000
20220706-211027
loosing coalitions taken
[3, 4, 5, 18, 20]
[1, 5, 6, 9, 25]
[1, 2, 10, 12, 14]
[2, 4, 5, 19]
[3, 4, 6, 14, 16]
[1, 3, 9, 10, 11]
[3, 5, 6, 7, 13]
[2, 3, 6, 11]
[1, 2, 7, 9, 21]
[1, 4, 7, 8, 20]
[1, 4, 6, 28]
[1, 3, 7, 12, 16]
[1, 2, 8, 15, 16]
[1, 3, 8, 13, 14]
[16, 17, 18, 19, 20, 21, 22, 23, 24, 25, 26, 27, 28]


6
process id 2
stats
5, 16, 7, 1000, 1000000
20220706-211027
loosing coalitions taken
[2, 4, 5, 20, 25]
[1, 2, 8, 10, 20]
[2, 3, 6, 13, 21]
[2, 4, 6, 9, 16]
[1, 2, 9, 11, 14]
[2, 3, 5, 18]
[1, 2, 7, 13, 24]
[1, 3, 9, 10, 12]
[1, 5, 6, 16, 17]
[1, 4, 8, 13, 14]
[1, 3, 8, 15, 16]
[3, 4, 6, 8]
[1, 4, 7, 9, 17]
[1, 3, 7, 14, 22]
[16, 17, 18, 19, 20, 21, 22, 23, 24, 25, 26, 27, 28]


5
process id 5
stats
5, 13, 7, 1000, 1000000
20220706-211103
loosing coalitions taken
[3, 4, 5, 17, 19]
[1, 4, 8, 10, 12]
[1, 4, 6, 28]
[1, 3, 7, 15, 20]
[1, 2, 9, 12, 14]
[1, 3, 8, 14, 16]
[1, 2, 7, 10, 21]
[2, 4, 5, 13]
[2, 3, 6, 9, 24]
[3, 5, 6, 7, 14]
[1, 2, 8, 11, 19]
[1, 3, 9, 10, 11]
[16, 17, 18, 19, 20, 21, 22, 23, 24, 25, 26, 27, 28]


5
process id 4
stats
5, 14, 7, 1000, 1000000
20220706-211111
loosing coalitions taken
[2, 4, 5, 21, 28]
[3, 4, 5, 15]
[1, 3, 8, 10, 12]
[1, 3, 7, 11, 18]
[1, 2, 8, 14, 16]
[2, 3, 6, 16, 19]
[2, 3, 7, 8, 9]
[2, 5, 6, 7, 12]
[1, 5, 6, 14, 19]
[1, 2, 9, 12, 13]
[1, 4, 7, 8]
[2, 4, 6, 11, 20]
[16, 17, 18, 19, 20, 21, 22, 23, 24, 25, 26, 27, 28]


5
process id 3
stats
5, 15, 7, 1000, 1000000
20220706-211359
loosing coalitions taken
[1, 2, 8, 12, 15]
[2, 4, 6, 11, 20]
[3, 4, 6, 13, 17]
[1, 5, 6, 12, 18]
[1, 4, 6, 25]
[2, 4, 5, 15]
[2, 3, 6, 10, 22]
[1, 2, 7, 10, 26]
[1, 2, 9, 11, 14]
[3, 5, 6, 7, 14]
[1, 3, 9, 10, 12]
[1, 3, 8, 13, 16]
[1, 3, 7, 11, 23]
[2, 3, 7, 8, 9]
[16, 17, 18, 19, 20, 21, 22, 23, 24, 25, 26, 27, 28]


5
process id 5
stats
5, 13, 7, 1000, 1000000
20220706-211408
loosing coalitions taken
[1, 4, 7, 9, 16]
[1, 3, 9, 10, 12]
[1, 3, 8, 14, 16]
[3, 4, 5, 19, 25]
[2, 4, 5, 17]
[1, 2, 7, 14, 20]
[1, 3, 7, 15, 21]
[1, 2, 9, 11, 13]
[1, 4, 6, 24]
[1, 2, 8, 12, 19]
[2, 3, 6, 14, 28]
[3, 5, 6, 7, 10]
[16, 17, 18, 19, 20, 21, 22, 23, 24, 25, 26, 27, 28]


6
process id 4
stats
5, 14, 7, 1000, 1000000
20220706-211423
loosing coalitions taken
[1, 4, 8, 13, 14]
[1, 4, 7, 9, 15]
[1, 2, 10, 12, 13]
[1, 3, 7, 14, 22]
[3, 4, 6, 10, 17]
[2, 3, 6, 13]
[1, 3, 9, 10, 11]
[2, 4, 5, 15]
[1, 2, 7, 16, 19]
[1, 5, 6, 14, 16]
[1, 4, 6, 24]
[1, 2, 8, 11, 20]
[1, 3, 8, 12, 19]
[16, 17, 18, 19, 20, 21, 22, 23, 24, 25, 26, 27, 28]


5
process id 1
stats
5, 17, 7, 1000, 1000000
20220706-211603
loosing coalitions taken
[2, 3, 6, 11, 24]
[3, 5, 6, 7, 12]
[1, 3, 8, 13, 15]
[1, 3, 7, 11, 19]
[1, 3, 9, 10, 12]
[1, 2, 7, 9, 26]
[2, 5, 6, 8, 9]
[1, 2, 8, 14, 19]
[1, 2, 10, 11, 13]
[2, 4, 6, 10, 18]
[1, 5, 6, 13, 19]
[1, 4, 6, 24, 27]
[1, 4, 7, 8]
[2, 4, 5, 17, 21]
[3, 4, 5, 14]
[16, 17, 18, 19, 20, 21, 22, 23, 24, 25, 26, 27, 28]


5
process id 2
stats
5, 16, 7, 1000, 1000000
20220706-211614
loosing coalitions taken
[1, 2, 7, 10, 24]
[2, 4, 5, 17, 20]
[1, 3, 8, 14, 16]
[3, 4, 5, 14]
[1, 2, 9, 11, 14]
[2, 4, 6, 10, 19]
[2, 3, 6, 11, 22]
[2, 5, 6, 8, 9]
[1, 5, 6, 10, 22]
[1, 4, 8, 10, 15]
[1, 4, 6, 24, 25]
[1, 3, 7, 13, 21]
[1, 4, 7, 9, 19]
[1, 2, 8, 12, 17]
[16, 17, 18, 19, 20, 21, 22, 23, 24, 25, 26, 27, 28]


5
process id 0
stats
5, 18, 7, 1000, 1000000
20220706-211619
loosing coalitions taken
[1, 2, 9, 11, 13]
[2, 3, 6, 12]
[3, 4, 5, 11]
[1, 2, 8, 10, 20]
[1, 4, 6, 25, 28]
[1, 5, 6, 13, 17]
[2, 4, 5, 17]
[2, 3, 5, 20]
[2, 4, 6, 11, 23]
[3, 4, 6, 7]
[1, 4, 8, 9, 15]
[2, 5, 6, 7, 14]
[2, 3, 7, 8, 9]
[1, 3, 8, 12, 16]
[1, 4, 7, 12, 14]
[16, 17, 18, 19, 20, 21, 22, 23, 24, 25, 26, 27, 28]


5
process id 5
stats
5, 13, 7, 1000, 1000000
20220706-211659
loosing coalitions taken
[1, 5, 6, 10, 25]
[1, 3, 7, 15, 20]
[3, 4, 6, 13, 18]
[1, 4, 8, 12, 14]
[3, 4, 5, 12]
[1, 4, 6, 26]
[1, 2, 7, 14, 22]
[1, 3, 8, 9, 18]
[1, 2, 8, 13, 20]
[2, 3, 6, 19, 21]
[2, 5, 6, 7, 9]
[1, 2, 9, 10, 12]
[16, 17, 18, 19, 20, 21, 22, 23, 24, 25, 26, 27, 28]


5
process id 4
stats
5, 14, 7, 1000, 1000000
20220706-211759
loosing coalitions taken
[1, 2, 8, 12, 15]
[2, 4, 5, 20, 21]
[2, 4, 6, 9, 23]
[1, 2, 9, 11, 13]
[1, 5, 6, 13, 23]
[3, 4, 6, 15, 16]
[2, 3, 5, 23]
[1, 3, 7, 9, 24]
[1, 4, 7, 10, 16]
[1, 4, 6, 26, 27]
[1, 3, 8, 13, 16]
[1, 2, 7, 14, 18]
[1, 4, 8, 11, 14]
[16, 17, 18, 19, 20, 21, 22, 23, 24, 25, 26, 27, 28]


5
process id 2
stats
5, 16, 7, 1000, 1000000
20220706-211945
loosing coalitions taken
[2, 3, 6, 18, 19]
[1, 3, 8, 11, 12]
[1, 2, 8, 15, 17]
[1, 3, 7, 15, 20]
[1, 2, 9, 11, 13]
[1, 2, 7, 14, 18]
[1, 4, 7, 10, 17]
[1, 4, 6, 27, 28]
[2, 4, 6, 11, 21]
[1, 5, 6, 13, 22]
[3, 4, 6, 13, 14]
[3, 4, 5, 12]
[2, 3, 7, 8, 9]
[2, 5, 6, 8, 10]
[16, 17, 18, 19, 20, 21, 22, 23, 24, 25, 26, 27, 28]


5
process id 3
stats
5, 15, 7, 1000, 1000000
20220706-211951
loosing coalitions taken
[1, 3, 7, 13, 22]
[3, 5, 6, 7, 9]
[1, 3, 9, 10, 11]
[1, 2, 7, 16, 18]
[3, 4, 5, 14]
[1, 2, 10, 12, 14]
[1, 3, 8, 12, 17]
[1, 2, 8, 11, 21]
[2, 3, 6, 16, 21]
[2, 5, 6, 8, 10]
[1, 4, 6, 24, 25]
[1, 4, 7, 8]
[1, 5, 6, 16, 17]
[2, 4, 6, 11, 17]
[16, 17, 18, 19, 20, 21, 22, 23, 24, 25, 26, 27, 28]


6
process id 5
stats
5, 13, 7, 1000, 1000000
20220706-212025
loosing coalitions taken
[1, 4, 6, 22]
[1, 2, 8, 13, 20]
[1, 3, 7, 11, 19]
[2, 3, 6, 11, 28]
[1, 2, 10, 11, 14]
[1, 2, 7, 16, 18]
[1, 3, 9, 10, 12]
[1, 3, 8, 15, 16]
[2, 3, 7, 8, 9]
[3, 5, 6, 7, 15]
[2, 4, 5, 17, 25]
[3, 4, 5, 9, 28]
[16, 17, 18, 19, 20, 21, 22, 23, 24, 25, 26, 27, 28]


5
process id 1
stats
5, 17, 7, 1000, 1000000
20220706-212041
loosing coalitions taken
[2, 3, 6, 13, 24]
[2, 3, 5, 25, 28]
[1, 2, 7, 10, 26]
[1, 3, 7, 15, 16]
[1, 2, 8, 12, 16]
[1, 2, 9, 11, 13]
[1, 3, 8, 10, 13]
[2, 5, 6, 8, 10]
[1, 4, 7, 8, 22]
[3, 4, 6, 10, 21]
[2, 4, 5, 17, 23]
[3, 4, 5, 18, 24]
[1, 5, 6, 13, 16]
[2, 4, 6, 16, 19]
[16, 17, 18, 19, 20, 21, 22, 23, 24, 25, 26, 27, 28]


5
process id 4
stats
5, 14, 7, 1000, 1000000
20220706-212113
loosing coalitions taken
[2, 3, 6, 19, 20]
[1, 5, 6, 15, 17]
[3, 5, 6, 7, 11]
[1, 3, 8, 15, 16]
[1, 2, 8, 14, 18]
[1, 2, 10, 11, 12]
[2, 4, 5, 14]
[1, 2, 7, 16, 20]
[2, 3, 7, 8, 9]
[1, 4, 6, 23, 28]
[1, 4, 7, 8]
[3, 4, 6, 13, 17]
[16, 17, 18, 19, 20, 21, 22, 23, 24, 25, 26, 27, 28]


