Results

4
process id 13
stats
5, 10, 7, 1000, 100000
20220628-185815
loosing coalitions taken
[1, 2, 5, 21, 23]
[3, 4, 5, 9, 13]
[1, 3, 7, 11, 17]
[2, 3, 6, 14]
[1, 3, 4, 12]
[2, 4, 5, 16, 25]
[1, 2, 7, 8, 24]
[1, 5, 6, 7]
[1, 2, 10, 11, 13]
[16, 17, 18, 19, 20, 21, 22, 23, 24, 25, 26, 27, 28]


2
process id 15
stats
5, 8, 7, 1000, 100000
20220628-185817
loosing coalitions taken
[3, 4, 6, 11, 12]
[1, 4, 5, 21, 26]
[2, 3, 5, 18, 19]
[1, 2, 6, 24, 25]
[2, 4, 5, 6, 10]
[1, 3, 6, 10, 27]
[1, 3, 5, 20]
[16, 17, 18, 19, 20, 21, 22, 23, 24, 25, 26, 27, 28]


4
process id 9
stats
5, 14, 7, 1000, 100000
20220628-185819
loosing coalitions taken
[2, 3, 7, 8, 10]
[1, 2, 5, 19, 22]
[3, 4, 5, 12, 26]
[1, 4, 8, 9, 11]
[2, 4, 6, 15, 20]
[1, 4, 5, 17]
[1, 3, 6, 21, 22]
[1, 2, 6, 18, 27]
[2, 3, 4, 22]
[1, 2, 7, 12, 15]
[2, 5, 6, 7, 16]
[1, 3, 8, 12, 18]
[1, 3, 7, 14, 16]
[16, 17, 18, 19, 20, 21, 22, 23, 24, 25, 26, 27, 28]


4
process id 11
stats
5, 12, 7, 1000, 100000
20220628-185824
loosing coalitions taken
[2, 3, 6, 13]
[1, 3, 7, 11, 20]
[3, 4, 5, 10, 27]
[1, 4, 7, 10, 15]
[1, 4, 6, 9, 23]
[1, 3, 4, 25]
[1, 5, 6, 14, 18]
[1, 2, 7, 9, 12]
[2, 4, 5, 15, 16]
[1, 2, 5, 19, 22]
[1, 2, 8, 14, 17]
[16, 17, 18, 19, 20, 21, 22, 23, 24, 25, 26, 27, 28]


4
process id 14
stats
5, 9, 7, 1000, 100000
20220628-185826
loosing coalitions taken
[2, 4, 6, 8]
[2, 3, 5, 22, 25]
[3, 4, 5, 12]
[1, 2, 5, 23]
[1, 3, 6, 9, 25]
[1, 3, 7, 14, 22]
[1, 3, 8, 10, 18]
[1, 4, 7, 9, 17]
[16, 17, 18, 19, 20, 21, 22, 23, 24, 25, 26, 27, 28]


4
process id 12
stats
5, 11, 7, 1000, 100000
20220628-185830
loosing coalitions taken
[1, 2, 7, 15, 16]
[2, 5, 6, 7, 12]
[2, 3, 7, 8, 10]
[1, 3, 6, 20]
[1, 4, 7, 11, 17]
[1, 2, 9, 10, 14]
[2, 3, 5, 15, 28]
[1, 4, 5, 28]
[2, 3, 4, 18, 23]
[2, 4, 6, 14, 21]
[16, 17, 18, 19, 20, 21, 22, 23, 24, 25, 26, 27, 28]


5
process id 11
stats
5, 12, 7, 1000, 100000
20220628-185836
loosing coalitions taken
[1, 4, 5, 25]
[2, 3, 5, 12, 27]
[2, 3, 4, 17]
[3, 5, 6, 7, 13]
[1, 3, 7, 10, 16]
[2, 5, 6, 8, 10]
[1, 3, 8, 13, 14]
[1, 3, 6, 26]
[1, 2, 7, 13, 20]
[1, 2, 9, 12, 14]
[1, 2, 8, 11, 18]
[16, 17, 18, 19, 20, 21, 22, 23, 24, 25, 26, 27, 28]


3
process id 15
stats
5, 8, 7, 1000, 100000
20220628-185840
loosing coalitions taken
[1, 4, 5, 27]
[2, 3, 5, 13]
[3, 4, 6, 8, 21]
[1, 3, 7, 9, 23]
[1, 2, 6, 9, 14]
[1, 3, 6, 12]
[2, 4, 6, 7, 22]
[16, 17, 18, 19, 20, 21, 22, 23, 24, 25, 26, 27, 28]


4
process id 10
stats
5, 13, 7, 1000, 100000
20220628-185852
loosing coalitions taken
[2, 5, 6, 8, 12]
[3, 5, 6, 7, 10]
[1, 2, 7, 13, 24]
[1, 2, 8, 10, 18]
[2, 4, 5, 11]
[2, 3, 6, 9]
[1, 3, 8, 12, 16]
[1, 3, 7, 15, 21]
[1, 3, 5, 13, 28]
[1, 4, 6, 14, 27]
[1, 3, 4, 22, 26]
[1, 4, 8, 9, 15]
[16, 17, 18, 19, 20, 21, 22, 23, 24, 25, 26, 27, 28]


4
process id 7
stats
5, 15, 7, 1000, 100000
20220628-185902
loosing coalitions taken
[2, 3, 7, 8, 9]
[1, 3, 7, 15, 19]
[1, 4, 7, 8, 22]
[3, 4, 5, 10, 19]
[1, 3, 4, 25]
[1, 2, 7, 10, 12]
[2, 4, 5, 18, 20]
[2, 3, 6, 11, 24]
[2, 4, 6, 9, 23]
[2, 3, 5, 26, 27]
[1, 2, 9, 11, 14]
[1, 2, 5, 22, 28]
[1, 5, 6, 11, 20]
[1, 2, 6, 13]
[16, 17, 18, 19, 20, 21, 22, 23, 24, 25, 26, 27, 28]


5
process id 13
stats
5, 10, 7, 1000, 100000
20220628-185915
loosing coalitions taken
[1, 3, 8, 12, 14]
[1, 4, 6, 21]
[2, 3, 6, 14]
[1, 3, 7, 10, 24]
[3, 4, 5, 10, 25]
[2, 4, 5, 17]
[1, 3, 5, 26]
[1, 2, 8, 9, 20]
[1, 2, 7, 12, 13]
[16, 17, 18, 19, 20, 21, 22, 23, 24, 25, 26, 27, 28]


4
process id 15
stats
5, 8, 7, 1000, 100000
20220628-185952
loosing coalitions taken
[2, 3, 5, 17, 26]
[1, 3, 6, 24]
[2, 4, 6, 11, 21]
[1, 2, 7, 9, 14]
[2, 4, 5, 7]
[1, 2, 8, 10, 11]
[1, 4, 8, 12, 13]
[16, 17, 18, 19, 20, 21, 22, 23, 24, 25, 26, 27, 28]


5
process id 15
stats
5, 8, 7, 1000, 100000
20220628-190013
loosing coalitions taken
[1, 4, 6, 28]
[1, 3, 8, 10, 16]
[3, 4, 5, 15, 19]
[2, 3, 6, 14]
[1, 3, 7, 13, 15]
[1, 2, 7, 9, 22]
[1, 2, 5, 17]
[16, 17, 18, 19, 20, 21, 22, 23, 24, 25, 26, 27, 28]


5
process id 10
stats
5, 13, 7, 1000, 100000
20220628-190025
loosing coalitions taken
[2, 3, 6, 14, 21]
[2, 4, 5, 9, 25]
[1, 4, 6, 27]
[1, 2, 9, 10, 13]
[2, 3, 4, 20, 28]
[2, 5, 6, 7, 11]
[2, 3, 7, 8, 9]
[1, 2, 8, 11, 20]
[1, 2, 7, 14, 22]
[2, 3, 5, 12]
[1, 3, 7, 10, 18]
[1, 3, 8, 13, 14]
[16, 17, 18, 19, 20, 21, 22, 23, 24, 25, 26, 27, 28]


5
process id 12
stats
5, 11, 7, 1000, 100000
20220628-190052
loosing coalitions taken
[1, 2, 5, 18, 22]
[1, 2, 8, 10, 17]
[1, 3, 6, 28]
[1, 2, 9, 12, 14]
[2, 4, 6, 8, 9]
[1, 2, 7, 13, 15]
[2, 5, 6, 7, 16]
[1, 4, 5, 9]
[2, 3, 4, 25, 27]
[2, 3, 5, 17]
[16, 17, 18, 19, 20, 21, 22, 23, 24, 25, 26, 27, 28]


5
process id 14
stats
5, 9, 7, 1000, 100000
20220628-190348
loosing coalitions taken
[2, 3, 6, 10]
[1, 4, 6, 28]
[1, 2, 8, 13, 20]
[1, 2, 7, 11, 17]
[2, 4, 5, 20, 21]
[1, 2, 9, 12, 14]
[1, 3, 8, 11, 14]
[1, 3, 7, 15, 21]
[16, 17, 18, 19, 20, 21, 22, 23, 24, 25, 26, 27, 28]


5
process id 5
stats
5, 15, 7, 1000, 100000
20220628-190519
loosing coalitions taken
[2, 5, 6, 8, 10]
[3, 4, 6, 9, 18]
[1, 4, 8, 11, 14]
[1, 2, 9, 10, 11]
[1, 2, 7, 13, 17]
[1, 4, 6, 17, 24]
[1, 4, 7, 10, 12]
[1, 3, 5, 18, 23]
[1, 5, 6, 9, 16]
[2, 3, 5, 13]
[1, 4, 5, 22]
[1, 3, 7, 8]
[2, 3, 6, 12]
[2, 4, 5, 17]
[16, 17, 18, 19, 20, 21, 22, 23, 24, 25, 26, 27, 28]


5
process id 8
stats
5, 15, 7, 1000, 100000
20220628-191118
loosing coalitions taken
[1, 3, 8, 12, 14]
[1, 2, 6, 27, 28]
[1, 2, 7, 12, 13]
[3, 4, 6, 9, 16]
[1, 3, 7, 15, 18]
[1, 4, 5, 19]
[2, 4, 6, 12, 18]
[1, 3, 6, 17]
[1, 2, 8, 9, 22]
[2, 3, 4, 24, 27]
[2, 3, 5, 9, 15]
[2, 3, 7, 8, 10]
[1, 2, 10, 11, 14]
[2, 5, 6, 8, 11]
[16, 17, 18, 19, 20, 21, 22, 23, 24, 25, 26, 27, 28]


5
process id 9
stats
5, 14, 7, 1000, 100000
20220628-191446
loosing coalitions taken
[1, 2, 8, 9, 18]
[2, 4, 5, 10, 21]
[1, 4, 6, 27]
[1, 2, 10, 11, 13]
[2, 3, 4, 14, 18]
[2, 3, 6, 9, 20]
[2, 3, 7, 8, 10]
[2, 5, 6, 7, 12]
[1, 2, 7, 15, 22]
[1, 3, 5, 12, 26]
[2, 3, 5, 24]
[1, 3, 7, 14, 19]
[1, 3, 8, 11, 17]
[16, 17, 18, 19, 20, 21, 22, 23, 24, 25, 26, 27, 28]


5
process id 7
stats
5, 15, 7, 1000, 100000
20220628-191508
loosing coalitions taken
[1, 2, 9, 11, 12]
[1, 4, 8, 9, 14]
[3, 4, 6, 15, 16]
[1, 4, 7, 10, 13]
[1, 2, 6, 18, 22]
[1, 2, 7, 14, 15]
[2, 5, 6, 8, 10]
[1, 4, 6, 24]
[1, 2, 8, 13, 19]
[1, 2, 5, 28]
[1, 3, 8, 11, 16]
[1, 3, 7, 9, 17]
[2, 3, 4, 20, 22]
[3, 4, 5, 13]
[16, 17, 18, 19, 20, 21, 22, 23, 24, 25, 26, 27, 28]


6
process id 5
stats
5, 15, 7, 1000, 100000
20220628-191514
loosing coalitions taken
[1, 4, 7, 9, 17]
[2, 3, 4, 26, 27]
[2, 4, 6, 13, 15]
[4, 5, 6, 7, 8]
[1, 4, 8, 13, 14]
[3, 4, 5, 15, 25]
[1, 4, 5, 21]
[1, 2, 7, 14, 18]
[1, 2, 8, 11, 19]
[2, 3, 5, 19]
[1, 2, 10, 12, 13]
[1, 3, 6, 17, 28]
[1, 2, 6, 22, 23]
[1, 3, 8, 12, 18]
[16, 17, 18, 19, 20, 21, 22, 23, 24, 25, 26, 27, 28]


